ID	G1CA	G1CB	G1CC	G1IA	G1IB	G1IC	G1P1A	G1P1B	G1P1C	G1P2A	G1P2B	G1P2C	G1SA	G1SC	G1STA	G1STC	G2CA	G2CB	G2CC	G2IA	G2IB	G2IC	G2P1A	G2P1B	G2P1C	G2P2A	G2P2B	G2P2C	G2SA	G2SC	G2STA	G2STB	G2STC
1	4598	2393	739	395	764	35	1702	512	25	5309	53	48	1070	91	4651	38	245	7334	6477	1	349	4939	164	66	4632	35	2786	1813	260	304	251	4359	921
10	158	113	27	4181	806	22	2470	9932	199	77	6	2	28	4	189	18	4	15	5	721	50	15	20	161	59	59	60	214	4	91	6	26	12
100	1	6	0	0	0	0	0	1	1	0	1538	72	0	0	1	0	0	1	25	0	1	15	0	0	0	0	1	0	0	0	4	228	56
1000	3	0	0	0	0	0	0	0	0	30	0	0	0	0	5	0	1	3	0	0	0	0	0	1	0	0	0	0	0	0	0	0	0
1003	0	0	4	0	0	3	0	0	0	0	0	30	0	0	0	1	0	0	0	0	0	0	0	0	0	0	0	0	0	0	0	0	0
1005	0	0	2	0	0	0	0	0	0	0	0	3	0	25	0	12	1	0	0	0	0	0	0	0	0	0	0	0	0	0	0	0	0
1009	0	1	0	0	0	0	1	0	24	0	0	0	0	0	0	0	0	0	0	0	0	0	6	0	0	0	0	0	0	25	0	0	0
101	1	1	35	0	0	11	0	0	16	0	2	18	0	10	0	4	0	2	0	0	0	0	209	16	1	291	850	2	18	0	0	0	0
1011	2	0	1	2	0	0	0	0	0	1	3	2	0	1	1	1	1	1	0	0	2	0	1	1	0	0	0	0	1	1	0	1	0
1012	110	1	153	0	0	16	0	0	4	3	0	71	8	1	18	0	0	0	0	0	12	0	0	0	0	0	0	0	0	0	0	0	0
1014	1	2	3	0	0	11	1	0	0	0	5	8	0	11	1	4	0	0	0	0	0	0	0	0	0	0	0	0	0	0	1	0	1
1015	0	6	0	0	1	0	0	0	2	0	10	0	0	0	0	0	0	0	0	0	0	0	1	0	0	0	3	0	1	0	0	0	0
1016	0	3	0	0	0	0	1	3	2	0	0	0	1	0	0	0	0	0	0	0	0	3	0	0	1	0	0	1	0	0	0	0	0
1017	9	6	1	0	7	0	0	10	0	0	2	0	0	1	0	0	0	1	0	0	0	0	0	0	0	0	0	0	0	0	0	0	0
1019	0	1	0	0	1	6	0	0	0	0	1	1	0	0	10	2	0	0	0	0	0	0	0	6	0	0	0	0	0	5	0	0	0
102	0	0	1	0	1	499	0	1	524	0	1	525	0	0	20	0	0	0	0	0	1	0	3	1	0	191	0	0	0	1	0	1	0
1020	1	7	1	0	1	0	1	3	0	0	0	0	0	0	0	0	1	1	7	0	0	0	0	0	0	0	1	0	0	0	1	1	0
1021	0	4	0	0	0	0	1	3	4	0	0	0	1	0	0	0	0	0	2	0	0	1	0	0	1	2	0	1	0	0	0	0	0
1022	0	0	4	0	2	5	0	0	3	0	1	1	0	19	0	0	0	0	0	0	0	0	0	0	0	0	0	0	0	0	0	0	0
1023	1	1	2	0	0	0	0	2	0	0	0	4	0	3	0	0	0	0	0	0	0	1	2	0	1	0	0	1	1	1	0	0	0
1024	2	0	1	0	1	2	0	0	15	2	1	1	0	0	2	1	0	1	1	0	3	0	0	0	2	0	0	1	0	0	0	0	1
1026	0	0	1	0	0	0	1	7	0	0	1	1	1	0	0	0	0	1	0	0	2	0	0	0	0	1	2	0	0	0	0	2	0
1028	0	0	0	0	0	1	0	0	13	0	0	1	2	1	1	0	0	0	0	0	0	0	0	0	0	0	0	2	0	5	0	0	0
1029	0	0	1	0	0	0	0	0	0	0	0	48	0	0	0	6	0	0	0	0	0	0	0	0	0	0	0	0	0	0	0	0	0
103	16	15	2	886	454	22	2	5	0	1	0	0	0	1	4	0	1	0	0	0	1	0	0	13	6	0	3	6	14	3	0	2	1
1031	0	0	0	1	0	0	0	0	0	0	0	0	32	0	0	0	0	0	0	0	0	0	0	0	0	0	0	0	0	0	0	0	0
1035	0	0	0	0	0	0	0	0	0	0	0	0	0	0	0	0	0	0	0	0	0	0	12	0	0	0	0	0	0	0	0	0	0
1036	0	0	4	0	0	0	0	0	0	0	0	0	0	0	0	0	0	0	0	0	0	0	0	0	0	0	0	28	0	1	0	0	0
1037	1	0	0	0	0	0	0	0	0	0	0	0	0	0	1	0	0	0	0	0	0	0	0	2	0	17	0	0	0	1	0	0	0
1038	4	1	0	0	0	0	0	0	0	0	0	6	0	1	0	0	0	1	0	0	0	0	0	0	4	0	0	0	1	9	9	0	0
1039	2	0	2	0	0	0	0	0	0	2	0	3	0	0	6	1	0	0	0	0	7	0	1	0	1	10	0	1	12	9	0	0	0
104	0	0	3	0	0	0	0	0	0	0	0	4	0	9	0	0	977	504	0	0	0	0	3	1	0	0	135	0	0	1	57	1	0
1040	1	1	0	1	1	0	1	0	2	0	0	0	0	6	2	5	0	0	1	0	1	0	0	1	0	0	1	0	0	0	0	1	0
1041	2	0	1	0	1	1	0	0	0	1	2	0	0	1	1	0	1	1	0	0	0	0	3	3	0	0	0	0	1	1	0	1	0
1042	0	2	1	1	0	0	0	0	0	1	1	1	0	3	0	0	0	0	1	0	0	0	1	2	0	0	0	0	0	0	0	0	0
1043	0	3	0	0	0	0	0	0	0	0	0	0	0	0	0	0	0	0	0	0	0	0	1	5	0	2	0	0	0	0	0	0	1
1044	0	3	0	4	1	1	0	1	1	0	5	0	0	0	0	0	0	0	0	0	0	4	0	0	0	0	0	0	0	0	0	0	0
1045	0	2	1	0	1	8	0	0	3	0	3	0	0	7	0	2	0	0	1	0	2	0	0	0	0	1	0	0	0	0	0	0	0
1046	0	1	0	0	2	0	0	5	1	0	2	0	0	0	0	0	1	0	0	0	0	0	0	0	0	0	0	0	0	0	0	1	0
1047	1	1	1	0	0	0	0	2	0	0	0	2	0	1	1	0	0	0	0	0	3	0	1	3	0	0	0	0	0	0	1	1	0
1049	1	4	0	0	0	0	0	0	0	0	2	0	0	0	0	0	0	0	1	0	0	0	0	0	7	0	0	2	0	0	0	0	0
105	2	361	5	9	1178	32	6	11	0	0	78	17	2	3	4	4	2	3	3	2	2	13	0	0	2	0	2	5	1	0	0	1	2
1050	0	1	0	0	0	0	0	0	0	0	0	1	0	17	0	6	0	0	0	0	0	0	0	1	0	0	0	0	0	0	0	0	0
1052	0	0	4	0	0	1	0	0	3	0	0	6	0	1	0	0	0	0	0	0	0	0	0	3	0	0	0	0	0	0	0	0	0
1053	0	0	0	0	0	16	0	0	3	0	0	0	0	0	0	0	0	0	0	0	0	0	0	3	0	0	0	0	0	0	0	0	0
1054	1	2	0	2	3	1	4	4	8	1	1	0	0	0	2	3	0	0	0	2	2	0	1	7	4	3	0	0	0	1	0	1	1
1057	0	0	0	0	0	0	0	0	17	0	0	0	0	0	0	0	0	0	0	0	0	0	0	0	0	0	0	0	0	0	0	0	0
1058	0	0	0	0	0	0	0	0	9	0	0	0	0	0	1	0	0	0	0	0	0	0	1	5	0	0	0	0	0	0	0	0	0
1059	0	0	0	0	0	2	0	0	5	0	1	0	0	0	1	0	0	0	0	0	7	0	3	0	0	3	0	0	0	0	0	0	0
106	1	96	643	0	5	34	0	5	3	0	321	85	0	181	1	267	2	0	10	0	1	0	0	1	0	0	0	0	0	0	13	6	0
1061	0	0	0	0	0	0	0	0	0	0	0	1	0	12	0	8	0	0	0	0	0	0	0	0	0	0	0	0	0	0	0	1	0
1062	0	0	0	0	0	0	0	0	0	0	0	0	21	0	0	0	0	0	0	0	0	0	0	0	0	0	0	0	0	0	0	0	0
1063	0	0	0	0	0	0	0	0	0	0	0	0	17	0	0	0	0	0	0	0	0	0	0	0	0	0	0	0	0	0	0	0	0
1064	0	0	0	0	0	0	0	0	0	0	0	0	34	0	0	0	0	0	0	0	0	0	0	0	0	0	0	0	0	0	0	0	0
1065	0	0	0	0	0	0	0	0	0	0	0	0	14	0	1	0	0	0	0	0	0	0	0	0	0	0	0	0	0	0	0	0	0
1066	0	0	0	0	0	0	0	0	0	0	0	0	0	0	27	0	0	0	0	0	1	0	0	0	0	0	0	0	1	0	0	0	0
107	2	0	42	0	0	2	0	1	0	63	0	9	0	444	29	2	0	7	6	0	0	89	0	3	4	0	1	0	324	308	230	4	6
1070	0	0	0	0	0	0	0	0	0	0	0	0	0	0	0	0	0	0	0	0	0	0	14	2	0	0	0	0	0	0	0	0	0
1071	0	0	0	0	0	0	0	0	0	0	0	0	0	0	0	0	0	0	0	0	0	0	6	0	0	6	0	0	1	0	0	0	0
1072	2	0	0	0	0	0	0	0	0	0	0	0	0	0	0	0	0	0	0	0	0	0	0	8	0	26	0	0	0	0	0	0	0
1074	1	0	0	0	2	0	2	1	0	1	3	1	0	0	0	0	0	0	1	0	1	0	0	0	9	0	0	2	1	0	0	0	0
1075	2	0	9	4	2	6	0	0	0	1	7	6	0	7	5	1	1	1	0	0	0	0	3	8	0	0	1	0	1	2	1	1	2
1076	0	4	0	0	0	0	0	1	0	0	9	0	0	0	0	1	0	0	0	0	0	0	0	0	0	0	0	0	0	0	0	0	5
1077	0	5	1	0	33	1	0	2	1	1	5	0	0	0	1	0	0	0	0	0	0	1	0	0	0	0	0	0	0	0	0	0	0
1078	0	60	0	0	3	0	0	0	0	0	0	0	0	0	0	0	0	0	0	0	0	0	0	0	0	0	0	0	0	0	0	0	0
1079	0	1	0	0	1	0	0	2	0	1	4	0	0	0	1	0	0	0	0	0	0	0	4	0	4	0	0	0	0	0	0	0	0
108	0	0	0	0	1	5	0	6	1	0	2	8	0	0	2	0	754	3	14	0	42	0	391	2	0	21	44	0	56	0	88	11	0
1080	0	6	0	0	2	0	0	5	0	0	2	1	0	0	0	0	0	0	0	0	0	0	0	0	0	0	1	0	0	0	0	0	0
1081	0	0	4	0	0	5	0	0	2	0	0	0	5	1	0	0	0	0	0	0	0	0	3	1	13	2	0	0	1	25	0	0	0
1083	0	0	1	0	0	0	0	0	0	0	0	8	0	1	0	7	0	0	1	0	0	0	0	0	0	0	0	0	0	0	0	0	0
1086	2	0	1	2	0	3	0	0	0	2	3	4	0	3	1	1	1	1	0	0	1	0	0	1	0	0	1	0	0	0	0	2	0
1087	1	0	0	6	0	0	2	0	0	1	1	0	3	1	0	0	0	0	0	0	1	0	0	0	0	0	0	0	0	0	0	0	0
1088	0	0	0	0	1	0	1	6	1	0	1	0	0	0	0	0	0	0	0	0	0	0	0	0	0	0	0	0	0	0	0	2	2
1089	0	0	0	0	4	0	0	0	0	0	0	0	1	0	0	0	0	0	0	0	0	0	0	0	0	0	0	10	0	0	0	0	0
1090	0	0	1	0	1	2	0	11	2	0	0	0	0	0	0	0	0	0	0	0	0	0	0	0	0	0	0	0	0	0	0	0	0
1091	0	0	0	0	27	1	0	0	0	0	0	0	0	0	0	0	0	0	0	0	0	0	0	0	0	0	0	0	0	0	0	1	0
1092	0	0	0	0	1	0	0	6	3	0	0	0	0	0	0	0	0	0	0	0	0	0	0	0	1	1	0	0	0	0	0	0	0
1093	0	0	0	0	1	0	0	0	15	0	2	0	0	0	0	1	0	0	0	0	0	0	0	0	0	0	0	0	0	0	0	0	0
1094	0	0	0	0	0	0	0	0	8	0	2	0	0	0	1	1	0	0	0	0	1	0	1	1	0	0	0	0	0	0	0	0	0
1095	0	0	0	0	0	0	0	2	1	0	0	1	7	0	2	5	0	0	0	0	2	0	0	0	0	0	0	0	0	0	0	0	0
1096	0	0	0	0	0	0	0	0	1	0	0	12	0	0	0	2	0	0	2	0	0	0	0	1	0	0	0	0	0	0	0	1	2
1097	0	0	0	0	0	0	0	0	0	0	0	7	4	0	0	1	0	0	0	0	1	0	0	10	0	0	0	0	0	0	0	0	0
1099	0	1	0	0	0	0	0	0	0	0	0	1	0	25	0	1	0	0	0	0	0	0	0	0	0	0	0	0	0	0	0	0	0
11	6142	762	8	256	567	18	2965	399	29	1660	1139	15	92	25	2110	3	4	54	6	1	292	185	111	70	1060	0	235	201	0	9	2	42	0
110	1	141	1	4	1155	24	3	9	0	1	24	4	0	1	0	0	0	0	0	0	1	7	0	0	1	0	0	0	1	0	0	2	1
1100	14	9	6	0	3	58	0	0	1	1	1	7	2	1	174	4	11	3	32	0	148	1	7	20	2	1	19	19	2	2	6	2	0
1101	0	0	0	0	0	0	0	0	0	0	0	0	0	0	20	0	0	0	0	0	1	0	0	0	0	0	0	0	1	0	0	0	0
1102	2	0	0	0	0	1	0	0	0	0	0	9	0	0	1	0	0	5	4	0	0	0	0	10	7	3	1	0	0	3	0	0	0
1103	0	0	0	0	1	0	0	1	0	0	2	0	0	1	0	0	0	6	0	0	1	0	4	15	3	0	9	0	0	0	0	0	0
1108	0	0	0	0	0	0	0	1	0	0	0	0	1	0	0	0	0	0	10	0	0	0	0	0	0	0	25	0	0	0	0	0	0
111	0	0	0	0	0	0	0	0	0	1	0	0	981	0	67	0	0	1	0	0	19	0	1	5	0	0	0	0	0	27	0	0	0
1111	0	5	0	0	0	1	0	0	2	0	6	4	0	1	0	0	0	0	0	0	0	0	0	0	1	0	0	0	0	0	0	0	0
1112	1	3	0	0	5	1	0	1	0	0	5	1	0	1	0	0	0	0	1	0	0	0	0	0	0	0	0	0	0	0	0	0	2
1113	0	2	0	0	0	7	1	0	0	2	0	0	6	1	0	0	3	3	0	0	0	0	0	1	1	0	0	0	0	4	0	0	1
1115	0	5	0	0	0	0	0	0	0	0	0	0	0	0	1	0	2	4	2	0	0	0	0	0	0	0	0	0	0	1	0	1	4
1116	1	2	1	0	0	1	0	0	10	0	5	1	1	0	1	5	0	0	0	0	0	0	0	0	0	0	0	0	0	0	0	1	2
1117	0	3	0	0	0	0	1	0	0	1	0	1	0	2	0	0	0	0	0	0	0	0	1	3	0	1	0	2	0	0	0	0	0
1118	0	0	1	0	0	4	0	0	15	0	0	2	0	0	0	0	0	0	0	0	0	0	0	0	0	0	0	0	0	0	0	0	0
1119	0	0	18	0	0	4	0	0	2	0	0	4	0	0	0	0	0	0	0	0	0	0	0	0	0	0	0	0	0	0	0	0	0
112	1	16	0	180	17	0	6	14	1	972	46	0	21	1	97	0	0	0	0	0	0	0	2	1	4	0	6	9	0	0	0	0	0
1120	1	2	6	0	0	0	0	0	4	0	0	0	1	0	0	0	0	0	0	0	0	0	0	0	0	0	0	0	0	0	0	0	0
1121	0	0	13	0	0	2	0	0	0	0	0	2	0	0	0	0	0	0	0	0	0	0	0	0	0	0	0	0	0	0	0	0	0
1123	0	1	8	0	0	2	0	0	0	0	0	29	0	0	0	0	0	0	0	0	0	0	0	0	0	1	0	0	0	0	0	0	0
1124	0	0	0	0	0	37	0	0	0	0	0	0	0	0	0	0	0	0	0	0	0	0	0	0	0	0	0	0	0	0	0	0	0
1125	0	0	1	0	0	13	0	0	5	0	0	2	2	1	0	0	0	0	0	0	0	0	0	0	0	0	0	0	0	0	0	0	0
1126	0	0	0	0	0	2	0	0	13	0	0	0	0	0	0	0	0	0	1	0	0	0	0	0	0	0	0	0	0	0	0	0	0
1127	0	0	0	0	0	0	1	1	0	2	0	0	10	0	2	0	0	0	0	0	0	0	0	0	0	0	0	0	0	1	0	0	0
1129	0	1	0	0	0	0	1	5	1	0	0	0	0	0	0	0	1	0	0	0	0	0	0	0	0	2	0	0	0	0	0	0	0
113	1	1	0	1	0	0	0	0	85	1	0	1	0	0	16	0	0	0	0	0	0	0	846	37	0	0	0	0	0	5	0	0	0
1130	0	1	0	0	0	0	0	0	4	0	0	0	2	1	1	0	0	1	2	0	0	0	0	0	0	1	0	1	0	1	0	0	0
1131	0	0	1	0	0	1	0	0	15	0	0	0	0	0	0	0	0	0	0	0	0	0	0	0	0	0	0	0	0	0	0	0	0
1132	1	1	0	0	0	0	0	0	52	0	0	0	0	0	3	1	0	0	0	0	0	0	0	0	0	0	0	0	0	0	0	0	0
1134	0	0	0	0	0	0	0	0	0	0	2	0	0	0	1	20	0	0	0	0	0	0	0	0	0	0	0	0	0	0	0	0	0
1136	0	1	1	0	0	0	0	0	0	0	1	1	0	0	0	0	0	0	0	0	0	0	0	0	0	7	0	0	0	0	0	0	0
1137	0	0	0	0	0	0	0	0	0	0	0	1	0	19	0	0	0	0	0	0	1	0	0	0	0	0	0	0	0	0	0	0	0
1138	0	0	0	0	0	0	0	0	0	0	0	16	0	0	0	0	0	0	0	0	0	0	0	0	0	0	0	0	0	0	0	0	0
1139	0	0	0	0	0	0	0	0	0	0	0	0	23	0	0	0	0	0	0	0	0	0	0	0	0	0	0	0	0	0	0	0	0
114	1	6	1	0	84	0	6	104	2	76	5	1	0	0	29	0	0	1	0	0	1	36	4	1	134	0	10	854	0	56	0	1	0
1143	1	0	0	0	0	0	0	0	0	1	0	1	0	0	0	0	12	1	0	0	0	0	0	0	0	0	0	0	0	0	156	129	1
1144	1	0	0	0	0	0	0	5	2	0	0	0	0	0	0	0	0	0	0	0	0	0	0	0	0	1	0	0	0	0	0	0	0
1145	6	10	0	0	0	0	0	0	0	0	0	0	0	0	0	0	0	0	0	0	0	0	0	0	0	0	0	0	0	0	0	0	0
1146	0	1	3	0	0	0	0	0	0	0	0	23	0	1	0	14	0	0	1	0	0	0	0	0	0	0	0	0	0	0	0	0	0
1148	0	3	1	0	0	0	0	1	3	0	3	0	0	1	1	0	0	0	1	1	0	0	1	2	0	0	0	0	0	0	0	0	0
1149	0	4	1	0	2	1	3	2	7	0	50	14	0	1	0	0	0	0	0	0	0	3	0	0	0	0	0	0	0	0	0	0	0
115	1	1	0	0	0	0	0	1	38	1	0	1	0	0	0	0	0	456	375	0	7	54	0	0	97	0	34	0	102	55	8	28	2
1150	0	17	1	0	2	0	0	0	0	0	0	0	0	0	0	9	0	0	0	0	0	0	0	0	0	0	0	0	0	0	0	0	0
1151	0	3	0	0	0	0	0	0	5	0	5	0	0	0	0	2	0	0	0	0	0	0	0	0	0	0	0	0	0	0	0	0	0
1152	0	1	6	0	1	0	0	0	16	0	1	2	0	7	0	0	0	1	1	0	0	0	0	0	0	0	0	0	0	0	0	0	0
1153	0	3	0	0	0	0	1	2	3	0	0	0	0	0	0	0	0	0	0	0	0	1	0	0	0	0	0	0	0	0	0	0	0
1154	0	3	1	0	0	0	0	2	6	0	2	0	0	0	0	1	0	0	0	0	0	0	0	0	0	0	0	0	0	0	0	0	0
1157	0	3	1	0	7	0	3	5	8	1	11	2	0	2	2	2	0	0	0	0	4	0	2	0	2	0	0	0	0	0	0	0	2
1159	0	2	10	0	0	0	0	0	0	0	0	0	0	3	0	12	0	0	0	0	0	0	0	0	0	0	0	0	0	0	0	0	0
116	0	1	0	4	0	0	0	1	21	1	0	1	3	1	2	0	0	421	406	0	7	52	0	0	96	0	31	0	129	56	16	33	6
1162	0	0	0	0	0	28	0	0	0	0	0	0	0	0	0	0	0	0	0	0	0	0	0	0	0	0	0	0	0	0	0	0	0
1163	0	0	0	0	0	0	2	5	4	0	0	0	0	0	0	0	0	0	0	0	0	0	1	0	0	1	0	0	0	0	0	0	0
1164	0	0	0	0	0	0	4	5	4	0	0	0	0	0	2	1	0	0	0	0	0	0	0	1	0	0	0	0	0	0	0	0	0
1165	0	0	0	0	0	0	1	6	1	0	0	0	0	0	0	0	0	0	0	0	0	0	0	0	0	0	0	0	0	0	0	0	0
1166	2	1	0	0	0	0	0	2	7	2	0	0	0	0	0	3	0	0	0	0	0	0	0	0	0	2	0	0	0	1	0	0	0
1167	0	0	0	0	0	0	0	8	0	0	0	0	0	0	0	0	0	0	0	0	0	0	0	0	0	0	0	0	0	0	0	0	0
1168	1	1	0	0	1	3	0	1	0	0	0	0	0	0	0	15	0	0	0	0	1	0	0	0	0	0	0	0	0	0	0	1	0
1169	0	0	0	0	0	0	0	0	4	0	0	0	1	0	3	2	0	0	1	0	0	0	0	0	0	0	0	0	0	0	0	0	0
117	1	0	3	0	0	0	0	1	0	2	0	0	0	0	0	0	1	0	0	0	0	0	0	0	0	0	0	0	0	0	1192	0	0
1170	0	0	0	0	0	0	0	0	16	0	0	0	0	0	1	0	0	0	0	0	0	0	0	0	0	1	0	0	0	0	0	0	0
1171	0	1	0	0	0	0	0	0	0	0	0	0	0	0	0	0	0	0	0	0	1	0	6	0	0	5	0	0	0	0	0	0	0
1172	0	0	0	0	0	0	0	0	13	0	0	0	0	0	0	0	0	0	0	0	0	0	0	0	0	0	0	0	0	0	0	0	0
1174	0	0	0	0	0	0	0	0	0	6	0	0	1	0	0	0	0	0	0	0	0	0	0	0	0	0	0	0	0	15	0	0	0
1175	0	0	0	0	0	0	0	0	0	0	0	34	0	0	0	0	0	0	0	0	0	0	0	0	0	0	0	0	0	0	0	0	0
1176	0	0	0	0	0	0	0	0	0	0	0	18	0	0	0	0	0	0	0	0	0	0	0	0	0	0	0	0	0	0	0	0	0
1177	0	1	11	0	0	1	0	0	0	0	0	25	0	0	0	0	0	0	0	0	0	0	0	0	0	0	0	0	0	0	0	0	0
1178	0	0	0	0	0	0	0	0	0	0	0	0	15	0	0	0	0	0	0	0	0	0	0	0	0	0	1	0	0	0	0	0	0
1179	0	0	1	0	0	0	0	0	0	0	0	2	0	14	0	7	0	0	0	0	0	0	0	0	0	0	0	0	0	0	0	0	0
118	0	0	15	0	1	11	0	0	0	0	2	25	0	95	0	184	1	3	0	0	0	6	0	1	0	0	0	0	1	0	17	4	670
1180	0	0	0	0	0	0	0	0	0	0	0	0	0	1	2	0	2	0	2	0	0	0	0	0	0	0	0	0	0	0	12	4	0
1182	3	8	2	1	1	1	1	4	0	0	0	0	4	1	2	2	0	0	0	35	325	0	3	9	0	6	0	14	5	12	0	0	0
1183	0	0	1	0	0	0	0	0	0	3	0	2	0	4	2	0	0	0	2	0	0	3	0	0	0	0	0	0	84	39	0	0	0
1184	0	0	0	0	0	0	0	0	0	0	0	0	0	0	0	0	0	0	0	0	0	0	12	0	0	0	0	0	0	0	0	0	0
1186	0	1	0	3	0	0	0	0	0	0	0	0	4	0	1	0	0	0	0	0	0	0	0	0	0	0	0	20	0	1	0	0	0
1189	3	3	0	1	1	0	4	1	0	16	8	0	0	0	3	0	0	1	0	0	0	0	1	0	0	0	3	2	1	3	0	0	0
119	0	0	0	0	0	0	0	0	27	0	0	0	0	0	1	0	0	466	381	0	6	47	0	0	90	0	30	0	104	47	2	17	0
1190	7	1	0	0	0	1	0	0	0	2	6	0	0	0	1	2	0	0	0	0	0	0	0	0	0	0	0	0	0	0	0	0	0
1191	1	2	1	0	0	0	0	0	0	0	0	0	0	0	0	0	0	0	0	0	0	1	1	4	0	0	0	0	0	0	0	0	0
1192	0	3	0	0	1	0	2	5	0	0	0	0	0	0	0	0	0	0	0	0	0	0	0	0	1	0	0	3	0	0	0	0	0
1193	0	1	0	0	0	0	0	2	1	0	0	0	1	0	2	0	1	0	3	0	0	1	0	0	0	3	0	0	1	0	1	0	0
1194	1	4	0	0	0	0	0	0	0	0	10	0	0	1	1	1	0	0	1	0	0	0	0	0	0	0	0	0	0	0	0	0	0
1195	0	20	4	0	0	7	0	0	0	0	14	10	0	5	0	6	1	0	3	0	0	0	0	0	0	0	0	0	0	0	8	3	4
1196	0	6	1	0	0	0	3	5	4	0	0	1	0	1	1	0	0	0	0	0	0	4	0	0	1	1	0	1	0	0	0	0	0
1198	0	2	0	0	8	0	0	0	0	0	10	0	0	0	0	0	0	0	0	0	1	0	0	0	0	0	0	0	0	0	0	0	0
1199	0	4	1	0	0	0	0	0	10	0	1	0	0	0	1	1	0	0	0	0	0	0	0	1	1	0	0	7	0	0	0	0	0
12	2	1	3	59	2	45	14	11	9	231	2	6	2093	646	52	8	6670	838	450	1	900	24	874	3	4	308	3369	14	1960	15	983	433	3
120	1	0	237	0	0	0	0	0	0	0	0	905	0	198	0	0	0	23	0	0	0	0	0	0	0	0	81	0	0	0	0	0	0
1200	0	0	0	1	1	0	0	0	0	1	4	0	0	0	0	0	0	0	1	0	0	1	0	0	1	0	0	0	0	0	0	0	7
1201	0	1	0	0	19	0	0	0	0	0	2	0	0	0	0	0	0	0	0	0	0	0	0	0	0	0	0	0	0	0	0	0	0
1202	0	0	0	0	0	19	0	3	0	0	0	0	0	0	1	0	0	0	0	0	0	0	0	0	0	0	0	0	0	0	0	0	0
1203	1	0	6	0	0	4	0	2	0	1	0	57	1	1	1	8	0	0	0	0	0	0	3	1	0	0	0	0	0	0	0	0	0
1204	0	0	0	0	0	1	0	0	0	0	0	0	2	0	0	0	0	0	0	0	0	0	1	0	0	4	0	0	3	0	0	0	0
1205	0	0	0	0	0	11	0	1	6	0	0	1	0	0	0	0	0	0	0	0	0	0	0	0	0	0	0	0	0	0	0	0	0
1206	7	1	0	0	5	0	83	0	0	28	0	0	0	0	25	0	0	0	0	0	4	0	0	2	3	0	0	0	0	0	0	0	0
1207	1	1	0	0	0	0	0	6	0	0	3	0	0	0	0	0	0	0	0	0	0	0	0	0	0	0	0	1	0	0	0	0	0
1208	0	0	0	0	0	0	0	16	0	0	0	0	0	0	0	0	0	0	0	0	0	0	0	0	0	0	0	0	0	0	0	0	0
1209	0	0	0	0	0	0	0	0	11	0	1	0	0	0	0	0	0	0	0	0	0	0	0	0	0	0	0	0	0	0	0	0	0
121	0	1	0	0	0	0	0	0	1	1	0	0	0	0	0	0	0	0	1	0	0	0	31	13	0	847	0	0	0	1	0	1	0
1210	0	1	0	0	1	5	0	0	17	0	0	0	0	0	0	0	0	0	0	0	2	0	0	2	0	1	0	0	0	0	0	0	0
1211	0	0	0	0	0	0	0	0	10	0	0	0	0	0	0	0	0	0	0	0	2	0	4	0	0	3	0	0	0	0	0	0	0
1212	1	1	1	0	0	2	0	1	1	0	1	0	0	0	0	2	0	0	0	0	19	0	4	8	0	0	1	0	0	1	0	1	4
1213	1	0	0	0	1	0	0	0	6	0	4	0	0	1	7	3	0	0	1	0	3	0	3	1	0	2	0	0	0	0	0	0	0
1214	1	1	2	0	4	7	0	0	9	0	1	0	12	0	0	0	0	0	0	0	1	0	1	0	0	0	0	0	0	0	0	0	0
1215	0	0	0	0	0	0	0	0	0	0	0	0	16	0	0	0	0	0	0	0	0	0	0	0	0	0	0	0	0	0	0	0	0
1216	4	0	0	0	1	15	0	0	2	0	0	7	0	0	38	0	4	20	4	0	160	0	3	62	1	0	24	0	2	0	1	1	0
1217	0	0	0	0	0	0	0	0	0	0	0	0	4	0	24	0	0	0	0	0	0	0	0	0	0	0	0	0	0	0	0	0	0
1218	0	0	0	0	0	0	0	0	0	1	0	0	14	1	1	0	0	0	0	0	118	0	1	59	0	0	0	0	0	21	0	1	0
1219	0	0	0	0	0	0	0	0	0	0	0	0	0	0	1	0	0	0	0	0	0	0	12	0	0	0	0	0	0	0	0	0	0
122	0	1	0	0	0	0	0	2	1059	0	0	1	1	0	2	0	0	0	1	0	1	0	0	2	0	0	0	0	1	3	0	0	0
1220	0	0	0	0	0	0	0	0	0	0	0	0	0	0	0	0	0	0	0	0	0	0	2	0	0	11	0	0	3	0	0	0	0
1222	0	0	0	0	0	0	0	3	0	0	0	0	0	0	0	0	0	0	0	0	0	0	0	1	0	0	18	0	0	0	0	0	0
1224	1	3	0	0	0	0	0	1	0	0	7	0	0	0	0	1	0	0	1	0	0	0	0	0	1	0	0	0	0	0	0	0	2
1225	2	3	2	0	0	0	0	0	0	0	0	0	0	1	0	5	0	0	0	0	0	0	0	0	0	0	0	0	0	0	0	0	1
1226	2	1	2	0	0	0	0	3	0	1	1	2	0	1	0	0	0	0	1	0	0	0	1	1	0	0	0	0	0	0	1	0	0
1227	1	1	0	0	0	0	1	0	0	1	1	1	0	2	0	0	0	0	1	0	0	0	0	1	0	0	0	0	0	0	0	0	0
1229	1	0	0	0	0	0	0	0	0	0	0	1	0	0	0	0	1	0	1	0	0	0	0	0	0	0	0	0	0	0	0	13	0
123	0	0	0	0	0	0	0	0	0	2	0	0	0	0	2	0	1	0	0	0	1	0	2	2	0	0	0	0	1222	29	0	1	0
1230	1	8	0	0	0	0	0	0	0	0	0	0	0	0	0	0	0	1	1	0	1	0	0	0	0	0	1	2	0	0	0	0	1
1231	1	1	17	1	6	1	0	1	81	0	116	34	9	1	1	2	0	0	0	0	0	0	0	0	0	0	0	0	0	0	0	0	0
1232	3	3	0	0	1	1	0	2	0	2	0	1	0	1	0	1	0	0	0	0	1	0	0	1	0	0	0	0	0	0	0	3	1
1234	0	12	0	0	2	0	0	0	0	0	16	0	0	1	0	8	0	0	0	0	0	0	0	0	0	0	0	0	0	0	0	0	0
1235	1	2	0	0	0	0	0	0	0	0	2	0	0	1	2	2	0	0	0	0	0	0	0	0	0	0	0	0	0	0	0	0	0
1236	1	5	18	0	2	0	0	0	0	0	0	0	0	14	0	0	0	0	0	0	0	0	0	0	0	0	0	1	0	0	0	0	0
1237	0	2	0	0	2	0	0	3	0	0	0	0	0	0	0	0	0	0	0	0	0	0	0	1	0	0	5	0	0	0	0	0	0
1238	1	4	2	0	0	0	0	0	0	0	0	1	0	3	1	2	12	5	6	0	0	0	0	0	0	1	0	0	0	0	1	0	0
1239	0	7	0	0	0	0	0	0	0	0	6	0	0	0	0	0	0	0	1	0	0	0	0	0	1	0	0	0	0	0	0	0	2
124	0	0	0	0	0	0	0	0	0	0	1	0	0	0	0	0	844	49	0	0	0	0	0	0	0	0	0	0	0	0	144	155	0
1240	0	4	1	0	0	0	0	1	0	0	8	0	0	0	0	0	0	0	0	0	0	0	0	0	0	0	0	0	0	0	0	1	1
1241	0	1	0	0	0	0	0	1	0	1	0	1	0	1	1	0	0	0	0	0	1	0	0	0	0	0	0	0	0	0	0	1	0
1242	0	1	0	0	0	0	0	0	13	0	1	0	0	0	0	0	0	0	1	0	0	0	0	0	0	0	0	0	0	0	0	0	0
1243	0	3	0	0	0	0	1	1	2	0	0	0	0	0	0	0	0	0	2	0	0	1	0	0	0	1	0	1	0	0	0	0	0
1246	0	0	2	1	0	3	0	0	0	3	1	5	0	1	1	1	0	0	0	0	1	0	0	2	0	0	0	0	0	1	0	0	0
1247	1	1	1	4	1	0	0	0	0	0	0	0	0	1	1	2	0	0	0	0	2	3	0	1	0	0	0	0	1	0	0	0	0
1249	0	0	0	0	1	0	0	3	0	0	0	0	3	1	1	4	0	0	0	0	0	0	0	0	0	0	0	0	0	0	0	0	0
125	2	2	0	0	0	81	0	0	17	0	2	61	4	0	121	18	84	45	232	0	200	0	5	23	1	13	121	0	6	3	35	110	1
1250	0	0	0	0	0	8	0	0	5	0	0	0	0	0	0	0	0	0	0	0	0	0	0	0	0	0	0	0	0	0	0	0	0
1251	1	0	0	0	0	9	0	0	7	0	0	0	0	1	0	2	0	0	0	0	0	0	0	0	0	0	0	1	0	0	0	1	0
1252	0	0	0	0	0	20	0	0	0	0	0	15	0	0	0	1	0	0	0	0	0	0	0	0	0	0	0	0	0	0	0	0	0
1253	0	0	1	0	0	24	0	0	0	0	0	0	0	0	0	0	0	0	0	0	0	0	0	0	0	0	0	0	0	0	0	0	0
1254	0	0	0	0	1	0	2	5	2	0	0	0	0	0	0	0	0	0	0	0	1	0	1	0	0	0	0	0	0	0	0	0	0
1256	0	1	0	0	0	1	0	0	0	0	0	0	0	0	0	0	0	0	0	1	0	0	0	1	0	0	15	0	0	0	0	1	0
1257	0	0	1	0	2	1	0	0	21	0	2	6	0	0	0	0	0	0	0	0	0	0	0	0	0	0	0	0	0	0	0	0	0
1259	0	2	0	0	0	0	0	0	1	0	3	1	0	0	3	5	0	0	0	0	0	0	2	2	0	0	0	0	0	0	0	0	0
1260	0	0	0	0	0	0	0	0	13	0	0	0	0	0	0	0	0	0	0	0	0	0	0	1	0	0	0	0	0	0	0	0	0
1261	0	0	0	0	0	0	0	0	11	0	0	0	0	0	0	0	0	0	0	0	0	0	0	0	0	0	0	0	0	0	0	0	0
1262	0	0	0	0	0	0	0	0	20	0	0	0	0	0	0	0	0	0	0	0	0	0	0	0	0	0	0	0	0	0	0	0	0
1263	0	0	0	0	1	0	0	0	6	0	2	2	0	1	0	1	0	0	0	0	0	0	0	0	0	0	0	0	0	0	0	0	0
1265	0	0	2	0	0	0	0	0	0	0	0	9	0	9	0	0	0	0	0	0	0	0	0	0	0	0	0	0	0	0	0	0	0
1267	0	0	0	0	0	0	0	0	0	0	0	23	0	0	0	4	0	0	0	0	0	0	0	0	0	0	0	0	0	0	0	0	0
1269	0	0	0	0	0	0	0	0	0	0	0	18	0	0	0	0	0	0	0	0	0	0	0	0	0	0	0	0	0	0	0	0	0
127	0	0	0	0	0	0	0	0	34	1	0	1	1	0	0	0	0	357	342	0	4	40	0	0	88	0	20	0	97	56	8	23	1
1270	0	0	0	0	0	0	0	0	0	0	0	10	0	1	0	0	0	0	0	0	0	0	0	0	0	0	0	0	0	0	0	0	0
1271	0	0	0	0	0	0	0	0	0	0	0	0	11	0	0	0	0	0	0	0	0	0	0	0	0	0	0	0	0	0	0	0	0
1272	0	0	0	0	0	0	0	0	0	0	0	0	0	13	0	0	0	0	0	0	0	0	0	0	0	0	0	0	0	0	0	0	0
1273	0	0	1	0	0	3	0	0	0	0	0	0	0	32	0	0	0	1	0	0	0	0	0	0	0	0	0	0	0	0	0	0	0
1274	0	0	1	0	0	0	0	0	0	0	0	1	0	21	0	6	0	0	0	0	0	0	0	0	0	0	0	0	0	0	0	0	0
1279	0	0	0	0	0	0	0	0	10	0	0	0	0	0	2	0	0	0	0	0	3	0	1	0	0	2	0	15	0	0	0	0	0
128	0	0	0	0	0	3	0	0	0	1	0	0	0	0	0	0	0	207	1	0	1	0	0	0	0	74	534	1	0	0	0	304	0
1280	5	1	1	0	0	0	0	0	1	0	1	0	0	0	0	0	0	0	0	0	7	0	0	3	0	0	0	0	0	1	0	0	0
1281	1	0	0	0	0	0	0	0	0	0	1	0	0	0	0	0	0	0	0	0	0	0	2	0	4	0	0	0	0	0	0	2	0
1282	1	2	0	0	0	0	0	1	0	0	1	2	0	0	0	0	0	1	0	0	6	0	0	0	0	0	21	1	0	0	0	0	0
1283	2	0	4	0	0	2	0	0	0	1	1	6	0	3	2	1	1	0	0	0	1	0	1	3	0	0	0	0	0	0	1	2	0
1285	1	1	1	0	0	0	0	0	2	0	1	5	0	0	1	0	0	0	1	0	0	0	0	0	0	0	0	0	0	0	0	0	0
1286	2	0	1	1	0	0	0	0	0	2	1	2	0	1	1	0	1	0	0	0	1	0	1	0	0	0	0	0	1	0	0	1	0
1287	18	0	0	0	0	0	0	0	5	1	0	0	0	0	3	0	0	0	0	0	1	0	2	50	0	0	0	0	0	0	0	0	0
1288	0	3	1	0	0	0	0	0	0	0	2	0	0	0	0	0	0	0	0	0	0	1	1	0	0	0	0	6	1	1	0	0	0
1289	0	2	0	0	16	0	0	0	0	0	2	1	0	1	0	0	0	0	0	1	0	0	0	0	0	0	0	0	0	0	0	0	0
129	0	1	0	0	0	0	0	1	0	0	0	0	0	0	19	1	0	0	0	0	2	0	566	1	0	249	1	0	0	1	0	0	0
1290	1	7	1	0	1	0	0	3	1	0	0	0	0	0	0	0	0	0	0	0	0	0	0	0	0	0	0	0	0	0	0	0	0
1291	0	3	0	0	8	1	0	0	0	3	4	1	1	0	1	0	0	0	0	0	0	0	0	0	0	0	0	0	0	0	0	0	0
1292	0	1	0	0	0	0	0	0	0	3	2	0	0	0	15	1	0	0	0	0	0	0	1	0	0	0	0	0	0	0	0	0	0
1293	0	6	0	0	0	0	2	3	4	0	0	2	1	0	0	0	0	0	0	0	0	5	0	0	0	0	0	2	0	0	0	0	0
1294	0	7	0	0	1	1	0	2	1	0	3	0	0	0	0	1	1	1	7	0	0	1	0	0	0	0	0	0	1	1	0	1	4
1295	0	0	1	0	0	0	0	0	0	1	1	2	0	1	1	0	1	0	0	0	0	0	0	0	0	0	0	0	0	0	0	2	0
1296	0	0	1	0	0	2	0	0	0	1	0	4	0	3	0	0	0	0	0	0	1	0	0	5	0	0	0	0	0	1	0	0	0
1298	0	0	70	0	0	0	0	0	0	0	0	23	0	87	0	0	0	0	0	0	0	0	0	0	0	0	0	0	1	0	0	0	0
13	1969	397	173	6707	385	338	160	297	953	13	10	91	15	384	299	76	6	12	23	5	21	8	47	258	31	75	26	84	77	50	15	23	20
1300	0	1	0	4	4	0	0	1	0	2	3	0	1	0	0	0	0	0	0	0	0	11	0	0	0	0	0	0	0	0	0	0	0
1302	0	1	0	1	4	0	0	0	0	1	3	0	0	0	1	0	0	0	0	0	1	1	0	0	1	0	1	0	0	0	0	0	0
1304	0	1	1	0	2	0	0	0	0	0	0	5	0	0	0	0	1	0	0	0	2	0	0	0	0	0	4	0	0	0	0	0	0
1305	0	1	0	0	20	0	0	0	0	0	0	0	0	0	0	0	0	0	0	0	0	0	0	0	0	0	0	0	0	0	0	0	0
1306	0	0	0	0	0	15	0	0	0	0	0	0	0	0	0	0	0	0	0	0	0	0	0	0	0	0	0	0	0	0	0	0	0
1307	0	0	0	0	0	6	2	1	0	0	1	1	1	3	1	0	0	0	1	0	2	0	0	0	0	0	0	0	0	0	0	0	0
1309	1	2	0	0	13	1	0	1	0	1	4	0	0	0	0	1	0	0	0	0	1	0	1	0	0	0	0	0	0	0	0	1	0
131	58	4	2	8	0	10	105	5	12	2	0	2	5	1	88	1	4	150	5	0	68	0	25	413	1	8	293	7	5	0	16	62	5
1310	0	0	0	0	0	0	2	0	0	1	0	0	0	3	0	0	0	0	0	1	1	0	1	0	0	0	0	0	0	0	0	0	0
1311	2	2	0	0	3	0	0	1	4	3	1	1	0	1	11	1	0	0	0	0	0	0	0	1	0	0	0	0	0	0	0	0	0
1312	0	0	0	0	0	0	0	5	1	0	0	0	0	0	0	0	0	0	0	0	0	0	0	0	0	0	0	0	0	0	0	0	0
1313	0	0	0	0	0	0	0	0	15	0	0	0	0	0	0	0	0	0	0	0	0	0	0	0	0	0	0	0	0	0	0	0	0
1314	1	1	0	0	1	0	0	0	13	0	5	1	0	1	1	4	0	0	0	0	0	0	0	0	0	0	0	0	0	0	0	0	1
1315	0	0	0	0	0	0	0	0	12	0	0	0	0	0	0	0	0	1	0	0	0	0	0	0	0	0	0	0	0	0	0	0	0
1316	0	1	0	0	2	0	0	0	16	0	0	0	0	3	0	0	0	0	0	0	0	0	0	0	0	0	0	0	0	0	0	0	0
1317	0	1	0	0	0	0	0	0	4	0	0	0	0	0	0	0	0	0	0	0	0	0	6	0	0	0	0	0	0	0	0	0	0
1318	0	0	0	0	0	0	3	0	3	0	0	1	16	2	0	0	0	0	1	0	0	1	2	0	4	0	0	0	1	7	0	0	0
132	0	1	0	0	0	0	1	0	6	0	4	0	1	0	0	0	0	0	0	0	0	0	272	1	0	505	0	0	1	2	0	1	0
1320	0	1	0	1	17	2	0	1	1	4	1	1	1	0	3	5	0	0	0	0	1	0	3	0	0	1	0	0	0	0	0	1	0
1321	1	0	0	0	0	0	1	0	0	1	0	0	0	0	0	0	0	0	0	0	1	0	9	0	0	3	0	0	0	0	0	0	1
1322	1	0	1	0	0	0	0	0	0	0	3	2	0	2	0	0	0	1	0	0	0	0	1	1	0	0	0	0	0	3	0	1	0
1323	0	0	2	0	0	0	0	0	0	0	0	84	0	0	0	34	0	0	0	0	0	0	0	0	0	0	0	0	0	0	1	1	0
1324	0	0	1	0	0	0	0	0	0	0	0	48	0	0	0	4	0	0	0	0	0	0	0	0	0	0	0	0	0	0	0	0	0
1325	0	0	0	0	0	0	0	0	0	0	0	23	0	0	0	0	0	0	0	0	0	0	0	0	0	0	0	0	0	0	0	0	0
1326	0	0	0	0	0	1	0	0	0	0	0	14	0	5	0	3	0	0	0	0	0	0	0	0	0	1	0	0	0	0	0	0	0
1328	1	1	0	0	0	0	0	3	0	0	0	0	5	4	0	2	0	0	0	0	0	0	0	0	0	0	0	0	0	0	0	0	1
1329	0	2	0	0	0	0	1	0	0	0	5	0	10	0	3	0	0	0	1	0	0	0	3	0	0	0	0	0	0	0	0	0	0
133	28	22	3	1	9	50	0	7	34	0	19	65	5	2	156	9	34	150	198	0	462	5	27	127	29	202	196	1	16	5	44	299	2
1330	0	0	0	0	0	0	0	0	0	3	0	0	0	0	2	0	2	3	0	0	1	0	0	0	0	0	14	0	0	0	0	1	0
1332	0	0	0	0	0	0	0	0	0	0	1	0	0	0	0	0	2	0	6	0	0	0	0	0	0	0	0	0	0	1	2	8	0
1334	1	1	0	4	2	0	0	2	0	1	1	0	0	0	0	0	0	0	0	4	4	0	1	1	0	9	0	0	0	0	0	0	0
1337	0	0	0	0	0	0	0	0	0	0	0	0	0	0	0	0	0	0	0	0	0	0	3	0	0	0	0	0	0	18	0	0	0
1338	0	0	0	0	0	0	0	0	0	0	0	0	0	0	0	0	0	0	0	0	0	0	10	0	0	0	0	0	0	0	0	0	0
1339	0	0	0	0	0	0	0	0	0	0	0	0	0	0	0	0	0	0	0	0	0	0	0	0	0	0	11	0	0	0	0	0	0
134	126	7	0	0	0	0	0	0	0	0	0	6	0	0	0	0	29	7	20	0	1	23	0	1	1	0	9	0	0	0	35	164	661
1340	0	0	0	0	2	2	0	0	0	0	0	0	0	0	1	0	0	0	0	0	0	0	0	0	0	0	0	12	0	0	0	0	0
1342	0	0	0	0	0	0	0	0	0	0	0	0	0	0	0	0	0	0	0	0	0	0	0	0	0	0	0	0	0	0	0	8	1
1343	29	0	37	0	0	0	0	0	0	2	0	30	0	0	4	0	0	0	0	0	0	0	0	0	0	0	0	0	0	0	0	0	0
1345	1	0	1	0	0	0	0	0	0	1	0	1	0	1	0	0	0	0	1	0	0	0	0	0	0	0	0	0	1	0	1	0	0
1346	7	3	1	0	0	1	0	1	0	5	2	0	0	0	6	0	1	0	0	0	0	0	0	0	0	0	1	0	0	0	0	0	0
1347	3	2	0	0	0	0	0	0	0	0	3	0	0	1	1	2	0	0	0	0	0	0	0	0	0	0	0	0	0	0	0	0	0
1348	39	0	115	0	0	16	0	0	4	2	1	96	4	2	8	0	0	0	0	0	12	0	1	0	0	0	0	0	0	0	0	0	0
1349	0	2	0	0	0	0	0	3	0	0	6	0	0	0	0	0	0	0	0	0	0	0	0	0	0	0	0	0	0	0	0	0	0
135	5	1	0	0	0	0	0	0	0	0	0	1	0	2	1	0	41	2	16	0	0	1	0	1	0	0	0	0	1	0	396	316	387
1350	0	12	0	0	1	0	0	0	0	0	390	1	0	3	1	0	0	0	4	0	0	0	0	0	0	0	0	0	0	0	0	0	0
1351	0	1	0	0	0	0	0	0	9	0	0	0	0	0	0	0	0	0	0	0	0	0	0	0	0	0	0	0	0	0	0	0	0
1352	0	3	0	0	0	0	2	2	1	0	0	0	2	0	0	0	0	0	0	0	0	2	0	0	0	0	0	0	0	0	0	0	0
1353	0	1	0	0	0	0	0	1	7	0	0	0	0	0	0	0	1	0	0	1	0	0	0	0	0	0	0	0	0	0	0	0	0
1354	0	3	0	0	1	0	0	0	0	0	7	1	0	0	0	0	0	0	0	0	0	0	0	0	0	0	0	0	0	0	0	0	0
1355	0	1	1	0	0	0	0	0	0	0	0	0	0	0	0	0	0	0	0	0	0	0	1	0	0	7	0	0	0	0	0	0	0
1356	0	1	0	0	1	0	0	4	0	0	4	0	0	0	0	0	0	0	0	0	0	0	0	0	0	0	0	0	0	0	0	1	1
1357	0	13	2	0	2	0	0	1	0	0	0	0	0	1	0	0	1	0	0	0	0	0	0	0	0	0	0	0	0	0	0	0	0
1359	0	3	0	0	1	0	0	0	0	0	2	0	0	0	0	0	0	0	0	5	1	0	0	0	0	0	1	0	0	0	0	1	0
136	8	47	0	4	0	0	2	2	2	637	17	1	0	0	17	0	0	5	0	0	0	8	4	2	212	3	5	5	0	0	0	2	0
1360	1	1	0	0	1	0	0	5	0	0	0	0	0	0	0	0	0	1	1	0	0	1	2	0	0	0	1	0	0	0	0	1	0
1361	0	5	0	0	0	0	0	2	2	0	0	0	2	0	0	0	0	0	0	0	0	1	0	0	0	0	0	1	0	0	0	0	0
1362	0	1	2	0	0	1	0	0	0	1	0	1	0	1	0	2	0	0	0	0	1	0	0	1	0	0	0	0	0	1	0	0	0
1363	1	0	1	3	1	3	0	0	0	1	1	4	0	1	0	0	0	0	0	1	1	0	0	1	0	0	0	0	0	0	1	0	0
1364	0	0	1	0	0	7	0	0	8	0	0	1	0	11	0	0	0	0	0	0	0	0	0	0	0	0	0	0	0	1	0	0	0
1367	1	3	0	8	1	0	0	2	1	1	1	0	1	0	0	0	0	0	0	0	0	0	2	0	4	2	0	1	0	0	0	0	0
1369	0	0	0	1	1	1	0	0	0	0	1	1	0	1	0	1	0	1	0	0	0	0	1	1	0	0	0	0	1	0	0	1	0
137	3	2	0	2	4	0	0	0	0	1	4	0	0	2	1	0	0	0	1	432	25	0	159	8	2	190	2	1	0	1	0	2	0
1370	1	0	0	0	0	0	0	4	0	0	0	0	0	0	0	0	0	0	0	0	0	0	1	1	0	0	0	0	0	0	0	0	0
1371	2	1	4	2	1	5	0	0	0	4	6	5	0	5	0	3	1	2	1	0	1	0	2	5	0	0	0	0	2	3	1	6	0
1372	0	0	0	2	0	0	0	0	0	0	0	0	0	0	0	3	0	0	0	0	0	2	0	0	0	0	0	0	1	0	0	0	0
1376	0	0	0	0	7	0	0	0	0	0	1	0	0	5	0	0	0	0	0	0	0	0	0	0	0	0	0	0	0	0	0	0	0
1377	0	1	0	0	0	3	0	0	14	0	0	0	0	1	0	0	0	0	0	0	0	0	0	0	0	0	0	0	0	0	0	0	0
1378	0	0	1	0	0	3	0	0	12	0	0	0	0	8	0	0	0	0	0	0	0	0	0	0	0	0	0	0	0	0	0	0	0
138	0	1	0	0	0	0	0	0	0	0	0	1	0	0	0	789	0	0	0	0	0	0	0	1	0	0	1	0	0	0	0	0	63
1380	0	0	0	0	0	6	0	0	8	0	0	8	0	0	2	0	0	3	2	0	11	0	0	3	0	51	2	0	0	0	0	1	0
1381	0	0	0	0	0	0	2	3	0	0	0	0	0	0	0	0	0	0	0	0	0	0	0	0	0	0	0	0	0	0	0	0	0
1382	0	0	0	0	0	1	0	5	0	1	1	2	0	0	1	0	0	0	0	0	0	0	1	1	0	0	0	0	0	0	0	0	0
1383	0	1	0	0	0	0	0	6	0	0	0	0	0	0	0	0	0	0	0	0	0	0	0	0	0	0	2	0	0	0	0	0	0
1384	1	0	0	0	0	0	0	3	3	0	0	1	1	0	0	0	0	1	0	0	0	0	1	0	0	2	0	0	0	0	0	0	0
1385	0	0	0	0	0	0	0	7	0	0	0	0	0	0	0	0	0	0	0	0	0	0	0	0	0	0	1	0	0	0	0	0	0
1386	1	0	0	0	0	2	0	1	0	1	0	0	0	0	0	0	0	0	0	0	0	0	0	0	0	0	0	0	0	2	0	0	0
1387	0	0	0	0	0	0	0	0	10	0	0	0	0	0	1	0	0	0	0	0	0	0	1	0	0	2	0	0	0	0	0	0	0
1388	0	1	0	0	1	0	0	0	11	0	5	0	0	0	1	0	0	0	0	0	0	0	0	0	1	0	0	0	0	0	1	1	0
1389	0	3	0	0	1	0	0	0	13	0	3	0	0	0	0	0	0	0	0	0	0	0	0	0	0	0	0	0	0	0	0	0	0
139	0	0	0	0	0	375	0	0	332	0	3	454	0	1	19	0	0	0	0	0	0	0	1	0	0	189	0	0	0	9	0	0	0
1390	0	0	0	0	0	0	0	0	14	0	0	0	0	0	0	0	0	0	0	0	0	0	0	0	0	0	0	0	0	0	0	0	0
1391	0	0	1	0	0	0	0	0	0	0	0	29	0	1	0	0	0	0	0	0	0	0	0	0	0	0	0	0	0	0	0	0	0
1392	1	1	0	0	0	3	0	0	18	0	0	0	0	0	1	0	0	0	0	0	1	0	0	2	0	7	0	0	0	0	0	1	0
1394	0	0	0	0	0	0	0	0	11	0	0	0	0	0	0	0	0	0	0	0	0	0	0	0	0	9	0	0	0	0	0	0	0
1395	1	0	1	0	0	0	0	0	1	0	0	14	0	10	0	0	0	1	0	0	0	0	0	0	0	7	0	0	0	3	0	0	0
1397	0	0	1	0	1	0	0	0	0	0	7	0	0	2	0	0	0	0	0	0	0	0	0	0	0	1	0	0	1	0	0	0	0
1398	0	0	1	0	0	0	0	0	0	0	1	0	2	1	1	2	0	1	1	0	0	0	0	0	0	0	0	1	0	1	0	1	1
14	151	1412	108	1155	716	10	253	678	14	8	9	2	302	17	32	101	10	3	22	3343	766	20	24	272	49	351	6	671	199	320	14	4	5
140	9	1	1	2	4	0	1	15	0	5	0	0	6	0	4	0	1	38	90	0	1	81	0	0	25	0	2	0	348	27	281	41	64
1400	0	0	0	0	0	0	0	0	0	0	0	2	0	3	0	8	0	0	0	0	0	0	0	0	0	0	0	0	0	0	0	0	0
1404	6	2	1	0	1	0	0	0	0	5	0	0	0	0	11	0	0	5	4	0	0	2	0	0	1	0	5	1	0	1	0	5	2
1405	0	0	0	0	0	0	0	0	0	0	0	0	0	0	0	17	0	0	0	0	0	0	0	0	0	0	0	0	0	0	0	0	0
1409	13	7	1	0	2	1	0	0	0	0	2	4	0	0	17	1	1	10	23	0	89	2	1	15	4	4	29	1	1	1	5	4	0
141	37	1	1125	1	0	0	0	0	0	0	0	60	0	2	0	0	0	0	2	0	0	0	0	0	4	0	0	46	2	0	0	0	0
1412	0	0	8	11	0	0	0	0	0	1	0	0	0	7	0	12	1	1	0	0	0	8	0	0	28	5	41	9	0	1	1	22	38
1413	2	0	0	0	0	0	0	0	0	0	0	0	0	0	1	0	0	0	0	0	0	0	1	9	0	0	0	0	0	0	0	0	0
1414	0	0	0	0	0	0	0	0	0	0	0	0	0	0	0	0	0	0	0	0	0	0	7	2	0	0	0	0	0	0	0	0	0
142	106	6	0	0	0	0	0	0	0	0	0	2	0	0	0	0	33	7	14	0	0	26	0	0	0	0	5	0	0	0	25	115	512
143	2	1	0	188	3	0	144	7	0	394	2	17	96	1	16	0	1	19	1	0	0	0	1	0	0	0	19	0	0	747	0	2	0
144	0	1	0	0	0	0	1	1	1	0	0	0	1680	0	5	0	0	0	0	0	0	0	0	0	0	0	0	0	0	1	0	0	0
145	1	0	1	0	0	0	0	1	0	0	0	0	0	0	0	0	0	0	0	0	0	0	0	0	0	0	0	0	0	0	905	0	0
146	9	16	205	0	5	211	0	0	422	3	6	6	4	85	2	13	0	0	0	0	0	0	0	0	0	0	0	0	1	0	0	0	0
147	0	0	181	0	0	252	0	0	3	0	0	247	0	512	0	1	0	0	1	0	0	0	0	0	0	1	0	0	0	0	0	0	0
148	1	0	145	0	0	491	0	0	132	0	0	8	0	420	0	10	0	0	0	0	0	0	0	2	0	0	0	0	0	0	0	0	0
149	6	11	1	1	5	12	9	2	0	47	4	6	3	2	10	6	50	16	40	0	25	3	0	0	0	48	7	1	0	0	252	328	104
15	2	1285	706	0	1	1556	2	4	160	1	3348	1803	1	1404	2	1568	80	3	179	0	0	4	2	2	1	1	1	1	0	0	131	39	52
150	0	0	81	0	0	0	0	0	0	0	0	55	0	877	0	0	0	0	0	0	0	0	0	0	0	0	0	0	0	0	0	0	0
151	0	0	8	0	0	75	0	1	125	0	1	28	0	13	4	0	85	2	0	0	6	1	317	6	3	105	0	10	26	17	10	0	0
152	7	3	181	0	3	677	2	2	116	0	6	5	60	100	6	29	1	0	0	0	0	0	0	0	0	0	0	0	87	1	2	0	0
153	0	3	22	4	0	0	13	65	0	7	5	3	1	14	66	24	6	9	0	0	0	47	0	0	157	0	21	0	1	1	3	86	310
154	0	0	0	0	0	0	0	0	762	0	0	0	0	0	2	0	0	0	0	0	0	0	0	0	0	0	0	0	0	0	0	0	0
155	1	1	1	1	21	0	103	51	417	59	0	0	7	0	144	2	0	1	1	0	12	2	14	24	3	0	1	5	0	1	0	2	0
156	4	1	0	1	1	0	23	151	1	286	9	0	1	0	2	0	0	0	0	0	0	0	127	2	181	3	1	0	0	1	0	0	0
157	3	4	499	4	0	292	0	0	5	0	7	327	1	154	1	70	51	1	0	0	5	0	69	2	0	310	3	0	4	0	1	0	0
159	0	1	0	0	0	0	0	0	0	0	0	0	0	0	1	0	0	0	0	0	0	0	114	617	0	0	0	0	0	0	0	0	0
16	2	113	58	3	5	0	0	2	4	43	3358	128	0	128	79	0	138	59	5413	0	6	418	0	0	768	0	130	458	0	1	3	1092	2
160	35	10	2	1	14	1	15	53	11	361	9	0	5	1	123	1	0	1	177	10	2	27	3	1	24	0	5	38	0	1	0	1	1
161	0	0	0	0	0	0	0	2	1	2	0	8	0	0	0	0	0	0	9	0	0	0	207	0	2	436	2	1	1	0	0	1	1
162	0	0	12	0	0	19	0	0	0	0	0	146	0	749	0	0	0	0	0	0	0	0	0	0	0	0	0	0	0	0	0	0	0
163	0	1	6	0	0	542	1	3	131	0	0	4	0	317	0	2	0	0	0	0	0	0	0	1	0	0	0	0	0	0	0	0	0
164	0	0	2	0	0	0	0	1	0	17	0	4	0	81	9	0	0	1	24	0	218	3	0	2	0	0	2	106	91	110	241	1	5
165	0	0	0	18	0	0	0	0	0	1	0	0	3	0	0	0	26	30	0	0	22	45	4	199	71	89	12	310	1	52	8	1	0
166	41	153	0	9	21	1	1	10	0	36	311	4	21	0	28	0	3	2	3	0	4	15	42	1	30	0	24	33	0	1	0	2	1
167	69	36	9	8	1	8	8	20	30	46	20	3	4	15	126	2	1	10	5	0	64	2	33	139	4	28	52	77	45	20	5	19	8
168	1	0	0	0	0	0	0	0	0	0	0	1	0	0	0	0	0	9	0	0	3	0	5	0	1	589	2	0	0	6	3	3	0
169	3	12	1	2	0	0	0	0	2	309	28	1	0	0	11	0	0	2	0	0	0	5	3	0	286	3	6	2	0	0	0	3	0
17	17	10	1	19	10	0	6683	1864	56	325	9	0	51	3	53	1	1	18	17	3	12	5	110	28	38	3	96	68	1	7	2	5	3
170	2	5	1	0	1	2	2	0	2	0	5	1	1	3	5	20	40	5	0	0	219	0	9	87	0	187	0	0	36	13	91	4	0
171	0	1	0	0	1	20	0	0	0	0	0	1	0	6	0	121	0	0	0	0	0	1	0	0	0	0	0	0	0	0	1	2	423
172	0	0	0	0	0	0	0	0	603	0	0	0	0	0	11	1	0	0	0	0	0	0	0	1	0	0	0	0	0	1	0	0	0
173	0	20	51	1	2	1	0	3	1	0	202	58	1	109	0	180	2	0	2	0	0	0	0	0	0	0	0	0	0	0	27	7	27
174	5	2	0	0	17	0	85	116	96	34	0	0	13	2	76	6	0	7	2	0	32	1	16	38	0	4	23	1	0	32	3	13	4
176	6	8	0	0	3	0	14	8	4	5	3	1	0	4	4	1	0	0	0	563	18	0	6	1	0	2	2	1	0	0	0	4	5
177	0	2	118	0	1	18	0	0	0	0	4	163	0	462	0	96	1	0	0	0	0	0	0	0	0	0	0	0	0	0	3	2	23
178	41	38	0	249	30	1	0	12	0	1	4	1	32	31	4	19	52	9	0	0	0	4	1	75	27	0	2	0	0	0	11	3	4
179	0	0	1	0	0	0	0	0	0	0	0	894	0	0	0	0	0	0	0	0	0	0	0	1	0	0	0	0	0	0	0	0	0
18	7	16	7	7	3	2	17	5	5	43	0	2	8164	26	16	1	20	87	33	0	104	68	0	89	54	2	68	253	10	25	28	16	1
180	51	3	55	0	0	2	5	0	0	287	0	9	0	7	145	3	14	121	14	0	8	70	5	2	68	6	20	17	1	3	3	44	62
181	0	2	2	1	2	2	0	3	0	1	2	12	0	6	1	289	0	0	0	0	0	4	0	0	0	0	0	0	0	0	263	1	137
182	0	0	0	0	0	40	0	2	145	0	0	42	0	0	1	0	7	37	3	0	229	0	11	96	0	6	54	0	2	0	0	7	0
183	0	0	0	0	0	0	0	0	0	0	0	0	0	0	0	0	6	0	0	0	0	0	467	0	0	0	0	0	0	1	1	0	0
184	2	0	4	0	0	0	0	0	0	0	0	15	0	2	0	10	11	0	12	0	0	0	0	0	0	0	0	0	0	0	461	62	2
185	0	0	0	27	0	4	0	0	0	1	0	1	38	89	0	1	107	82	2	0	509	13	24	108	5	23	288	38	9	11	8	10	0
186	4	1	1	0	0	1	1	0	0	1	0	0	1	711	3	4	0	0	0	0	0	0	0	1	0	0	0	0	0	0	0	0	0
187	0	0	0	4	0	0	0	0	0	0	1	4	0	4	0	0	5	5	0	0	21	0	245	5	3	357	27	33	0	4	0	0	0
188	3	0	4	0	0	3	0	3	38	0	1	0	16	18	1	72	1	1	0	0	5	0	7	2	1	0	2	0	558	3	4	2	0
189	0	0	0	0	0	0	0	0	0	0	0	0	0	0	0	0	2	1	1	0	0	0	0	0	0	0	0	0	0	0	0	599	10
19	2	686	776	1	0	6	1	2	15	3	1209	403	0	1714	1	5045	4	1	2	0	1	2	1	2	0	0	2	0	2	1	3	1	1
191	21	4	0	19	6	0	22	31	5	146	31	0	84	0	24	0	0	0	0	0	4	1	67	2	172	0	3	1	0	0	0	0	0
192	52	0	13	252	28	0	13	0	0	1	0	2	302	7	57	1	22	221	14	0	29	4	9	65	25	13	295	51	7	7	4	49	0
193	5	3	0	0	0	9	0	3	136	0	0	1	32	0	3	4	0	0	1	0	24	0	27	86	0	282	0	0	0	0	0	1	3
195	0	1	0	0	0	0	0	0	0	0	0	2	0	0	0	103	0	0	0	0	0	0	0	1	0	0	0	0	1	0	0	0	691
196	0	0	0	0	0	0	0	0	0	0	0	0	470	0	1	0	0	0	0	0	0	0	0	0	0	0	0	0	0	0	0	0	0
197	1	0	40	0	0	8	0	0	30	1	0	44	0	30	1	0	1	24	19	0	0	10	58	3	18	86	12	35	0	0	132	129	1
199	1	57	265	0	4	19	0	0	1	0	68	21	0	47	1	100	2	1	13	0	0	0	0	0	0	0	0	0	0	0	12	3	16
2	2649	114	129	2	3	7	71	33	1758	3452	15	365	656	56	80	31	1	3432	300	0	96	2575	375	5232	260	0	514	40	1	9212	29	652	659
20	36	48	10	0	2	28	3	13	104	5	4	1	1	10	18	3	2	0	1	6906	102	1	8	44	3	751	1	16	1	21	2	1	5
201	0	74	394	0	12	50	0	4	4	1	5	2	1	197	1	1	0	0	0	0	0	0	2	0	0	0	0	0	0	0	0	0	1
202	180	14	7	1	3	99	0	2	213	1	11	11	1	2	9	7	1	0	0	0	1	0	0	0	0	0	0	2	0	3	0	2	5
204	0	0	0	2	1	0	37	1	0	48	0	1	4	7	1	0	81	45	0	0	2	70	0	9	67	1	9	193	5	22	36	4	0
205	0	10	12	0	0	432	0	0	12	0	54	168	0	17	0	10	3	0	0	0	0	0	0	0	0	0	0	0	0	1	1	0	0
207	1	1	1	12	1	0	7	6	81	16	1	0	27	1	14	0	1	0	0	1	7	3	4	9	2	9	3	2	341	33	3	3	1
208	0	1	3	0	0	23	115	218	26	0	0	6	1	6	2	1	0	1	0	0	1	0	0	0	0	0	0	1	0	2	0	1	3
209	0	0	0	0	0	69	0	0	399	0	0	0	0	0	3	0	0	0	0	0	0	0	0	1	0	0	0	0	0	3	0	0	0
21	0	6	2	0	0	3	0	2	2	0	2	11	0	2	0	411	0	0	2	1	0	2	3	4	0	0	0	0	1	0	1	0	7425
210	0	0	0	0	0	0	0	1	0	0	1	0	0	0	0	0	0	0	8	0	0	61	0	496	0	0	26	0	0	1	0	2	0
211	2	0	0	0	0	0	0	0	0	0	0	12	4	3	0	0	0	297	0	0	0	5	2	218	0	0	0	0	0	19	0	0	0
212	1	0	0	0	0	1	2	0	240	88	0	2	1	0	2	0	0	1	1	0	3	0	28	6	11	1	0	14	0	75	0	1	0
214	0	1	366	0	0	0	0	0	1	0	0	29	0	0	0	0	0	0	0	0	0	0	169	0	8	0	0	0	0	0	0	0	0
215	0	1	0	0	0	0	0	0	388	1	0	25	0	6	1	0	0	0	0	0	0	0	1	0	0	28	0	0	0	3	0	0	0
216	2	1	38	0	3	186	0	5	0	0	1	2	212	6	2	3	1	0	0	0	0	0	0	1	0	0	0	0	91	0	2	0	2
217	0	1	0	0	0	0	0	2	7	0	0	0	0	0	1	0	0	0	0	0	0	0	321	0	0	28	0	0	0	0	0	0	0
218	1	1	0	8	2	0	5	0	1	288	0	0	49	1	6	0	0	0	1	0	0	3	0	0	57	0	0	0	9	61	16	0	0
219	92	30	52	0	0	1	0	0	13	1	0	4	14	404	5	5	1	1	0	0	0	1	0	0	0	0	0	0	35	1	2	0	8
22	3	1680	7	56	5917	111	20	54	3	12	431	87	4	5	31	24	2	6	14	3	5	73	1	2	7	0	7	30	2	0	1	13	7
220	2	2	0	0	2	0	0	8	0	2	0	0	0	0	1	0	0	29	56	0	0	43	0	0	4	0	3	0	158	5	125	15	29
221	0	0	1	0	0	774	0	0	0	0	0	0	0	0	0	0	0	0	6	0	5	4	0	0	0	1	0	0	0	0	0	0	0
222	27	14	28	0	0	1	0	4	26	0	1	63	4	152	5	210	0	0	0	0	0	0	5	1	10	0	1	0	0	0	2	1	0
224	52	9	1	1	4	5	28	161	64	2	4	1	7	1	2	1	1	0	1	6	1	0	9	1	2	24	0	0	2	8	2	3	3
226	0	1	0	0	1	0	0	0	0	0	0	0	0	1	0	0	0	0	0	0	0	0	4	529	0	0	0	0	0	0	0	0	0
227	6	5	0	0	3	1	3	3	0	41	3	9	1	1	9	4	21	9	14	0	7	0	0	0	1	36	2	1	0	0	161	110	23
228	4	3	0	0	24	1	19	240	21	0	2	0	0	8	4	3	0	0	0	0	1	0	3	3	0	1	0	0	0	0	1	4	0
229	10	11	24	9	6	13	10	20	12	14	11	20	7	14	6	7	2	0	4	5	10	10	6	16	0	2	0	11	6	7	4	11	4
23	19	59	5	6	1387	1	28	86	40	438	34	17	1	2	102	1	2	5	7	0	3	407	18	4	1468	3	141	4544	0	294	2	8	0
231	5	3	0	1	10	0	316	15	8	53	0	0	1	2	49	0	0	1	3	0	5	0	1	8	1	0	4	2	0	1	0	2	0
233	0	0	0	0	0	0	1	0	375	0	0	0	0	0	0	0	0	0	0	0	0	0	0	0	0	0	0	0	0	0	0	0	0
234	45	84	0	4	7	0	2	5	0	8	208	2	14	1	16	0	0	0	1	0	2	3	1	1	6	0	4	11	0	0	1	0	0
235	0	0	2	0	0	0	0	0	0	0	0	47	0	0	0	0	0	0	0	0	1	0	0	0	0	0	0	0	0	0	0	388	0
236	1	8	0	0	0	0	0	3	0	0	0	1	3	0	380	2	0	0	0	0	1	0	0	31	0	0	0	0	0	1	0	0	0
237	0	0	0	4	1	1	7	3	0	264	0	0	17	1	5	0	0	1	0	0	0	0	2	0	46	1	0	0	13	58	24	0	0
238	5	3	2	3	2	1	17	273	16	1	1	0	0	3	1	0	0	0	1	0	0	0	0	1	3	0	1	1	0	1	0	1	0
239	1	0	92	0	0	1	0	0	0	0	0	429	0	0	0	0	0	0	0	0	0	0	0	0	0	0	1	0	0	0	0	0	0
24	361	20	16	602	306	1	3939	186	2	387	1	13	51	2	223	3	1	18	0	0	0	3	0	41	1	0	32	7	0	211	0	0	0
240	0	1	0	1	4	0	70	111	13	1	0	0	0	0	0	0	0	0	2	0	1	0	3	2	23	46	0	20	0	1	0	0	1
241	0	0	0	0	7	1	0	1	0	0	2	11	0	5	0	7	55	0	7	0	0	0	0	0	0	0	1	0	0	0	289	37	3
243	0	0	0	0	0	0	0	0	366	0	0	0	0	0	0	0	0	0	0	0	0	0	0	0	0	0	0	0	0	1	0	0	0
244	15	32	3	0	1	50	0	3	2	1	120	10	1	23	4	84	0	1	0	0	0	0	0	1	2	0	1	1	6	1	6	9	6
245	1	97	1	5	273	11	6	28	2	7	85	8	3	0	9	3	1	5	10	0	2	23	4	1	9	1	4	51	1	0	0	2	10
247	4	2	0	0	0	0	0	0	0	1	1	6	0	0	0	1	11	0	9	0	0	1	0	0	0	0	1	0	0	0	80	118	253
248	0	0	0	0	0	0	52	25	0	14	0	1	0	0	1	0	1	6	30	0	0	5	0	0	3	0	183	14	0	0	3	1	1
249	1	1	1	0	0	379	0	1	68	0	0	144	0	0	0	0	1	10	1	0	0	1	0	0	1	0	0	0	0	0	0	0	0
25	1	1787	9	0	15	0	0	6	4	2	5523	58	0	123	1	0	0	1	25	46	0	2	0	1	1	0	10	0	1	0	0	1	0
250	0	0	1	0	0	6	0	0	1	0	0	34	0	3	1	0	0	70	5	0	0	4	1	1	0	78	113	3	0	0	1	536	0
251	0	0	0	0	0	0	0	0	0	0	0	0	306	0	0	0	0	0	0	0	0	0	0	0	0	0	0	0	0	0	0	0	0
252	1	141	35	0	9	29	0	5	38	0	44	5	0	40	0	17	1	0	1	0	0	0	0	0	0	0	1	0	0	0	1	1	0
253	0	2	0	4	1	5	0	0	98	1	2	1	1	0	1	1	0	0	1	0	118	0	39	22	0	116	1	0	0	1	0	1	0
254	0	0	0	0	1	0	0	0	36	0	0	1	0	0	0	0	0	0	1	0	1	0	115	54	0	120	0	0	0	25	0	0	0
255	0	0	492	0	0	0	0	0	0	0	0	0	0	1	0	0	0	0	0	0	0	0	0	0	0	0	0	0	0	0	0	0	0
258	2	6	3	0	2	7	6	238	6	1	2	0	5	12	1	1	0	0	1	0	0	0	0	0	0	0	0	0	0	0	0	1	0
259	16	3	2	0	1	6	0	0	328	1	2	1	0	2	8	3	0	0	0	0	0	0	0	1	11	0	0	70	0	87	0	1	0
26	21	9	2	0	1	9	4	46	9	9	5	1	113	53	12	4	50	71	2	4874	59	12	14	197	39	190	19	370	51	62	19	51	9
260	0	0	1	0	0	13	0	0	0	0	0	91	0	318	0	0	0	0	0	0	0	0	0	0	0	0	0	0	0	0	0	0	0
261	5	7	70	5	2	126	0	0	0	0	0	1	10	18	9	80	1	1	4	0	26	0	0	5	11	0	3	293	0	19	1	0	0
262	0	4	27	0	0	2	0	0	10	0	18	298	0	19	0	30	4	0	3	0	1	0	0	0	0	0	0	1	0	0	10	4	1
263	0	4	38	0	1	0	0	0	59	0	11	5	0	248	0	33	0	0	0	0	0	0	0	0	0	0	0	0	0	0	0	0	0
265	0	2	47	0	0	0	0	0	9	1	10	1	0	19	13	235	0	3	0	0	24	0	13	0	12	27	4	0	0	36	5	9	0
266	0	2	3	0	0	0	0	0	0	0	4	0	0	1	1	21	49	0	0	0	0	0	0	0	0	0	2	0	0	0	175	122	0
267	0	1	0	0	0	0	0	0	0	0	0	1	0	0	0	0	0	0	0	0	0	0	227	0	0	0	0	0	0	0	0	0	0
268	0	0	6	0	0	0	0	0	0	0	3	10	0	20	0	73	0	0	0	0	0	1	0	0	0	0	0	0	0	0	4	0	262
269	0	0	0	0	0	1	0	0	0	1	0	2	0	0	1	0	0	83	1	0	0	0	0	0	0	0	209	0	0	0	0	43	0
272	6	7	8	0	1	0	0	0	0	0	0	0	1	1	0	0	7	5	293	0	0	1	0	0	4	0	1	10	0	1	5	1	4
273	0	1	0	0	0	4	2	0	0	214	0	0	1	0	90	0	1	41	8	0	5	0	3	2	1	1	0	0	0	0	0	11	0
275	5	0	7	0	0	3	0	0	0	54	0	4	2	51	13	1	192	56	3	0	137	14	31	13	3	22	25	4	2	3	10	8	1
276	5	16	1	0	1	0	0	0	2	212	0	1	0	0	1	0	0	1	0	0	0	3	0	1	44	3	2	3	0	0	0	0	0
277	0	0	1	0	0	0	0	0	0	0	0	0	0	1	0	0	0	0	0	0	1	0	0	0	0	0	251	0	0	0	0	0	0
278	0	0	0	0	0	0	0	0	0	0	0	0	0	0	0	292	0	0	0	0	0	0	0	0	0	0	0	0	0	0	0	0	0
279	1	2	0	8	10	2	18	138	21	2	7	1	12	0	0	1	0	0	2	0	4	0	1	0	1	0	2	2	0	1	0	3	2
28	3	0	5	5264	118	4	0	3	0	1	1	0	1	10	6	0	1	1	0	0	0	1	6	0	2	20	10	0	2	1	0	4	1
280	0	0	0	0	0	0	0	3	0	2	0	0	46	0	0	0	0	268	0	0	0	0	0	1	0	0	0	0	0	0	0	0	0
281	0	0	0	0	0	0	0	0	0	0	0	0	0	0	0	340	0	0	0	0	0	0	1	0	0	0	0	0	0	0	0	0	0
282	0	2	1	0	0	2	0	0	0	0	0	0	0	0	2	0	8	0	0	0	239	0	18	93	0	1	0	3	0	0	1	0	0
283	10	0	3	0	0	4	0	0	1	3	1	60	0	5	8	0	1	21	9	0	0	7	1	22	15	31	3	1	250	122	0	1	0
285	10	10	11	8	1	6	7	16	9	16	7	11	3	18	3	8	1	0	4	4	7	9	8	13	0	4	0	7	6	3	3	5	5
287	0	0	0	0	0	0	0	0	273	0	0	0	0	0	0	3	0	0	0	0	0	0	0	0	0	0	0	0	0	0	0	0	0
289	0	0	157	0	0	86	0	0	62	0	0	36	0	9	0	0	0	0	0	0	0	0	0	0	0	0	0	0	0	0	0	0	0
290	0	0	0	0	0	1	0	0	0	0	0	0	0	0	0	0	243	5	0	0	0	0	0	0	0	0	0	0	0	0	35	30	0
291	1	5	8	2	0	1	13	92	52	0	9	2	8	2	1	0	0	1	0	0	26	1	0	2	0	0	5	1	1	0	0	1	0
292	0	1	0	0	3	0	0	3	0	0	1	0	187	7	1	0	0	0	0	0	0	0	0	0	0	0	0	0	67	0	0	0	0
293	0	0	2	0	0	8	0	1	1	0	0	0	0	2	0	0	289	0	0	0	0	0	5	0	0	0	0	0	0	0	0	14	0
295	10	17	0	4	226	3	1	5	1	4	10	1	0	0	1	0	0	6	3	0	1	6	0	0	2	1	3	13	0	1	1	1	0
297	2	3	0	0	1	0	1	0	9	0	8	0	1	1	52	29	1	1	0	0	4	1	1	7	4	50	2	17	12	5	34	0	0
298	40	0	0	0	1	0	1	15	0	6	0	1	0	0	118	0	1	1	1	0	3	4	1	1	0	2	7	0	0	0	5	7	34
299	1	3	4	0	1	0	0	0	0	0	0	1	0	3	0	3	50	3	12	0	1	0	0	0	0	0	0	0	0	0	423	585	55
3	4	526	1	136	405	0	178	166	6	3412	109	1	21	1	2402	6	0	482	1493	1	7	9977	369	27	6163	14	698	957	2	116	1	1044	0
30	0	0	0	0	1	0	2	0	0	1	0	0	0	3	1	0	2	9	0	4425	16	0	30	43	2	688	0	23	3	12	12	1	0
300	0	0	0	0	0	0	0	0	0	0	0	0	272	0	0	0	0	0	0	0	0	0	0	0	0	0	0	0	0	0	0	0	0
301	0	3	1	0	1	10	0	0	0	7	10	18	0	0	0	4	22	1	1	0	2	0	0	0	0	52	0	0	0	0	79	36	27
302	51	21	6	131	24	11	59	204	20	16	14	4	21	38	26	8	0	3	3	51	14	2	4	8	6	20	17	53	1	6	2	4	7
303	147	56	0	0	28	0	0	10	0	0	9	0	0	8	0	0	0	1	0	0	1	0	0	0	0	0	0	0	0	0	0	1	0
304	0	1	1	0	1	2	0	0	0	0	0	2	0	2	0	68	0	0	0	0	0	3	0	1	0	0	0	0	0	0	0	0	379
306	5	3	1	171	46	7	0	8	6	0	1	0	1	2	1	0	0	1	0	8	10	0	1	3	0	4	2	0	0	1	0	0	0
307	0	0	0	0	0	0	15	41	0	191	0	0	0	0	0	0	0	0	0	0	0	0	0	0	0	0	0	0	0	0	0	0	0
308	0	0	3	0	1	0	0	0	0	0	1	4	0	13	1	11	1	17	0	0	0	1	0	0	0	0	0	0	0	0	76	110	8
309	1	0	1	1	1	3	8	101	64	0	0	0	1	1	0	0	0	0	0	0	0	0	0	0	0	0	0	1	0	0	0	0	0
31	1	2	1	1	2	1	769	3371	94	2	5	0	11	1	2	0	0	2	1	0	50	3	0	0	0	1	0	2	1	1	1	1	1
310	4	0	0	0	0	0	0	5	0	1	0	0	0	0	1	0	0	1	18	0	0	15	0	0	0	0	0	0	103	0	75	7	13
311	20	0	0	0	0	1	6	0	0	3	0	0	1	0	25	0	0	45	3	0	32	0	4	32	0	32	47	2	0	0	1	14	0
315	2	2	2	2	0	0	11	136	6	1	7	1	7	1	0	2	0	1	0	0	0	2	0	0	0	0	0	0	0	0	0	0	0
316	0	0	135	0	0	0	0	0	0	0	0	130	0	0	1	0	0	0	0	0	0	0	0	0	0	0	0	0	0	0	0	0	0
317	0	0	1	0	0	0	0	0	0	1	0	1	6	24	2	2	16	2	0	0	184	1	1	23	3	18	0	9	0	1	5	0	0
318	0	0	0	0	0	0	0	0	1	0	0	0	0	0	0	0	6	15	0	0	0	1	3	15	1	102	4	24	0	0	0	0	0
319	2	49	0	0	0	0	0	0	0	1	168	1	5	1	1	6	0	0	1	0	0	0	0	0	1	0	0	2	0	0	1	0	40
32	11	1610	1931	153	39	2963	11	5	368	19	190	581	2	440	41	175	14	167	8	0	98	63	8	21	80	6	248	140	1	17	26	69	38
320	0	0	4	0	0	0	0	3	1	0	0	0	0	1	0	0	0	0	0	0	1	0	29	0	10	0	0	158	0	2	0	0	0
321	5	0	18	11	3	13	0	0	0	8	13	17	0	11	14	12	5	4	0	8	3	0	6	21	0	0	0	0	14	11	9	7	6
322	0	2	12	0	0	0	0	0	28	0	7	5	0	178	2	21	0	0	0	0	0	0	0	0	0	0	0	0	0	0	0	0	0
324	16	1	5	0	0	46	0	0	144	4	4	0	0	1	7	19	0	0	0	0	1	0	0	6	0	0	0	0	0	1	0	0	1
325	0	0	1	0	0	2	0	0	0	0	0	0	182	0	0	0	1	0	0	0	0	0	0	0	0	0	0	0	0	4	1	0	0
328	0	0	0	0	1	0	5	82	2	3	0	0	0	0	0	0	0	0	3	0	0	0	0	1	18	34	0	3	0	1	0	0	0
329	4	4	0	0	222	0	5	23	0	1	2	0	0	1	2	0	0	0	1	0	1	0	8	1	2	0	0	0	0	0	0	0	0
33	4	6	1	1	4	161	0	5	34	1	13	110	4	0	128	0	3009	85	30	1	389	0	1606	217	2	56	197	1	243	4	396	76	2
330	1	0	0	0	0	0	0	0	0	0	0	0	3	3	0	0	0	0	0	0	0	0	0	0	0	0	0	0	0	315	0	0	0
332	0	0	0	1	0	0	0	0	0	0	0	0	0	0	0	0	1	0	0	0	0	0	34	0	0	109	1	15	0	2	0	0	0
333	41	0	0	0	0	1	2	0	0	0	0	10	0	0	3	0	0	61	14	0	0	2	0	70	29	7	1	0	0	47	0	1	0
334	3	3	0	0	0	0	0	0	170	0	0	1	0	0	0	1	0	0	0	0	0	0	0	0	0	0	0	0	0	0	0	0	0
335	1	0	140	0	0	76	0	0	43	0	0	20	0	7	0	0	0	0	0	0	1	0	0	0	0	0	0	0	0	0	0	0	0
336	0	0	0	0	1	0	0	0	0	0	0	258	0	0	0	0	0	0	0	0	0	0	0	0	0	0	10	0	0	0	0	0	0
337	15	0	11	0	1	0	2	0	0	2	0	2	263	0	2	0	0	1	0	0	5	0	1	0	0	0	3	0	0	0	0	0	0
338	1	1	1	0	0	4	0	0	175	0	1	0	0	1	0	0	0	0	0	0	0	0	0	0	0	0	0	0	0	0	0	0	0
339	0	0	1	0	0	431	0	0	0	0	0	2	0	0	0	0	0	0	0	0	0	0	0	0	0	0	0	0	0	1	0	0	0
34	12	2	18	0	0	1	1	0	0	2	0	6	0	25	4	68	1	6	3	0	0	394	0	0	1194	55	1066	14	2	3	79	1911	763
340	0	0	0	4	0	0	0	0	0	3	0	0	168	0	0	0	0	0	1	0	0	0	0	0	0	0	0	0	0	0	0	2	0
342	5	4	0	0	0	325	0	0	1	3	6	1	0	3	4	29	0	0	0	0	0	0	0	0	0	0	0	0	0	2	0	0	0
343	4	11	0	0	0	0	0	1	3	106	5	1	0	0	0	0	0	0	0	0	0	2	0	0	57	2	1	2	0	0	0	1	0
344	17	3	5	0	0	1	0	3	3	0	0	23	2	57	3	92	1	0	0	0	1	0	2	0	2	0	0	0	0	1	0	1	1
348	0	6	1	0	200	3	0	28	100	7	0	42	0	5	0	1	0	1	0	0	0	0	0	0	7	0	0	3	0	0	0	0	0
349	0	0	0	0	0	0	0	0	0	0	0	1	0	3	0	187	0	0	0	0	0	0	0	0	0	0	0	0	0	0	0	0	0
35	12	5	14	19	5	7	6	0	1	2	1	7	20	9	6	0	2	814	10	0	3210	470	38	428	86	29	801	319	1	157	0	27	7
350	9	36	13	0	0	2	1	3	1	2	3	1	1	25	11	102	0	0	1	0	0	0	0	1	0	1	0	0	0	1	2	0	0
352	1	0	0	0	0	0	1	41	0	30	5	0	0	0	1	0	0	0	0	0	1	0	4	0	104	0	0	0	0	0	0	0	0
353	0	0	0	2	3	1	0	0	0	0	0	0	0	0	0	168	0	0	0	0	0	1	0	0	0	0	0	0	0	0	0	0	3
354	1	0	10	0	0	29	0	19	104	0	0	3	0	28	0	0	0	0	1	0	0	0	0	0	2	0	0	1	0	0	0	1	0
355	2	1	0	1	0	0	0	1	0	1	0	0	0	0	1	0	1	35	36	0	0	18	0	0	5	0	3	0	81	4	52	8	14
356	0	0	4	0	0	0	0	1	0	7	0	14	0	51	3	0	0	0	0	0	0	10	0	0	0	0	0	0	33	36	34	1	1
357	3	2	1	5	25	2	2	3	5	1	3	0	0	0	1	0	0	1	0	60	7	0	20	8	0	68	0	0	0	0	0	1	1
358	0	3	10	0	0	3	0	0	1	0	41	2	0	12	0	7	9	1	41	0	0	2	0	0	0	0	1	0	0	1	1	8	39
359	0	1	0	3	2	0	1	7	2	43	1	0	1	2	15	2	0	4	1	7	96	5	3	3	7	2	16	30	1	6	1	5	6
36	24	10	5	0	5	1	0	0	0	17	9	4	49	142	11	0	77	907	562	0	746	58	43	4	137	174	1327	1376	1	1	41	72	63
361	3	4	3	0	1	0	0	0	0	0	0	1	0	1	0	0	3	3	153	0	0	1	0	0	2	0	0	6	0	2	1	1	1
362	1	0	0	0	0	87	0	0	121	0	0	2	1	0	0	0	0	0	0	0	0	0	0	0	0	1	0	0	0	1	0	0	0
364	0	24	8	0	1	2	0	0	0	0	11	147	0	12	0	21	8	1	2	0	0	0	0	0	0	0	0	0	0	0	21	3	6
365	0	1	0	0	0	0	0	1	176	0	0	0	0	0	0	0	0	0	0	0	0	1	0	0	0	0	0	0	0	0	0	0	0
366	0	0	42	0	0	0	0	0	0	0	0	204	0	53	0	0	0	1	0	0	0	0	0	0	0	0	15	0	0	0	0	0	0
367	0	0	30	0	0	0	0	0	57	0	0	126	0	2	0	0	0	0	0	0	0	0	0	0	0	0	0	0	0	0	0	0	0
368	8	11	10	1	2	3	7	11	7	7	7	2	2	8	2	0	1	0	1	5	2	0	4	12	0	2	0	5	1	2	3	10	3
369	0	3	25	0	0	3	0	0	0	0	45	164	0	14	0	11	3	3	14	0	0	4	0	0	0	0	0	0	0	0	2	6	34
37	1	1	5	0	0	29	0	3	3	0	1	1	39	1	9	0	0	0	1	0	3822	1	1	58	4	1152	2	8	22	20	0	1	0
370	0	0	3	0	0	103	0	0	110	0	0	6	1	0	1	0	0	0	0	0	0	0	0	0	0	0	0	0	0	1	0	0	0
371	0	0	0	0	0	0	0	0	0	0	0	0	0	0	157	0	0	0	0	0	0	0	0	0	0	0	0	0	0	0	0	0	0
372	0	4	72	0	0	4	0	0	8	0	12	44	0	13	0	24	1	0	1	0	0	0	0	0	0	3	0	0	0	0	0	0	0
373	0	0	0	0	0	0	0	0	0	0	0	0	4	0	1	0	0	0	0	0	15	0	119	8	0	0	0	0	0	6	0	2	0
374	1	10	22	0	4	56	2	0	30	0	35	4	0	0	1	20	0	0	1	0	1	0	0	0	0	0	0	0	0	1	0	0	4
375	0	4	23	0	0	2	0	0	7	0	14	106	0	17	0	23	2	0	1	0	0	0	0	0	0	3	0	0	0	0	0	2	0
378	0	0	0	0	0	0	0	0	1	0	0	0	2	0	199	0	0	0	0	0	1	0	4	2	0	0	1	0	0	2	0	1	0
379	4	3	5	1	0	2	2	0	0	125	0	4	15	1	51	0	3	133	16	0	13	6	3	2	0	0	18	8	3	0	4	15	0
38	4	4	1	2	66	0	2997	279	48	430	1	1	2	2	61	3	0	2	1	0	7	1	3	26	8	0	5	0	0	10	0	6	3
380	2	175	1	3	2	1	0	6	0	1	5	2	0	0	0	0	1	0	2	0	0	0	0	1	0	0	0	0	0	0	0	0	0
381	0	9	21	0	0	0	0	0	0	0	58	3	0	24	0	25	1	0	1	0	0	0	0	0	0	0	0	0	0	0	0	4	0
382	0	0	0	5	0	0	0	3	0	82	2	0	0	0	6	0	0	2	0	0	0	3	0	0	37	0	0	0	0	1	0	0	0
383	1	0	0	0	0	3	0	0	1	0	0	15	0	3	0	0	0	0	0	0	0	0	1	1	0	0	159	0	0	0	0	0	0
384	0	0	0	0	0	0	0	0	0	0	0	0	2	0	148	0	0	0	0	0	1	0	0	1	0	0	0	0	0	0	0	0	0
385	0	2	47	0	0	4	0	0	8	0	6	72	0	5	0	13	1	0	1	0	0	0	0	0	0	4	0	0	0	0	0	0	0
386	1	0	1	0	0	0	2	0	0	101	0	1	0	1	30	0	4	11	4	0	0	0	3	0	1	0	0	0	0	0	2	3	1
387	1	8	1	0	2	3	0	0	4	1	6	2	5	7	1	5	1	1	0	11	176	2	0	1	0	5	1	9	0	9	0	1	4
388	0	0	0	0	0	0	0	0	0	0	0	0	0	0	0	0	0	25	0	0	0	0	0	0	0	0	151	0	0	0	0	1	0
39	11	10	67	0	1	3	2	0	1	0	18	26	0	73	2	64	924	73	651	0	5	18	3	1	31	0	36	0	2	1	1038	298	1548
390	0	0	5	0	0	17	0	2	108	0	0	3	0	17	0	0	0	0	0	0	0	0	0	0	0	0	0	0	0	0	0	0	0
391	2	8	0	0	0	0	0	0	2	119	1	0	0	0	1	0	0	0	0	0	0	2	0	0	18	0	0	1	0	0	0	0	0
392	31	3	0	9	8	2	1	1	6	0	0	0	0	1	5	4	1	0	0	25	13	0	3	17	0	1	2	1	0	51	0	1	0
393	38	60	0	8	18	0	1	3	0	8	105	1	1	0	14	0	1	1	1	0	3	7	3	0	13	0	5	10	0	0	0	1	0
394	16	8	1	0	1	0	0	0	0	11	6	1	1	0	27	1	0	4	1	0	5	0	6	64	0	6	12	5	11	3	0	4	3
395	0	0	0	0	0	32	1	2	0	0	0	1	0	138	45	3	0	0	0	0	0	0	0	0	0	0	1	1	0	7	0	0	0
397	0	0	0	3	0	0	2	0	0	67	0	0	31	0	8	0	0	0	1	0	0	0	0	0	0	0	0	0	3	21	8	0	0
398	0	0	0	0	0	0	0	0	0	0	0	0	0	166	0	2	0	0	0	0	0	0	0	0	0	0	0	0	1	0	0	0	0
4	101	125	6	4	1	15	280	107	23	46	409	424	6	15	164	2	1	657	1731	0	20	83	503	735	4282	2663	3149	5003	4322	1436	3	167	2
40	0	0	0	0	2	0	2	0	0	3	0	0	0	2	2	0	0	0	0	3822	0	0	0	1	0	0	0	0	1	1	0	0	0
400	1	1	40	0	0	152	0	0	0	0	0	0	2	6	0	1	0	0	0	0	0	0	0	0	0	0	0	0	35	0	0	0	0
401	0	0	0	0	1	0	0	0	0	0	0	12	0	0	0	0	0	0	0	0	0	0	0	0	0	0	0	0	0	0	0	136	0
403	1	1	0	0	0	0	0	0	0	2	0	0	0	0	1	0	0	1	0	0	0	0	0	15	0	0	0	0	0	191	0	0	0
404	0	0	0	0	0	0	0	0	0	0	0	0	0	0	0	117	0	0	0	0	0	0	0	0	0	0	0	0	0	0	0	0	0
405	0	49	1	0	3	1	0	0	0	0	109	0	0	0	0	6	0	0	0	0	0	0	0	0	0	0	0	0	0	1	0	0	6
406	0	0	52	0	0	0	0	0	0	0	0	30	0	241	0	0	0	0	0	0	0	0	0	0	0	0	0	0	1	0	0	0	0
407	1	0	0	0	0	0	0	0	0	0	0	0	0	0	0	0	2	1	1	0	0	0	0	0	0	0	0	0	0	0	122	76	12
408	0	0	0	0	0	0	0	0	135	0	0	0	0	0	0	0	0	0	0	0	0	0	0	6	0	0	0	0	0	0	0	0	0
409	8	1	12	10	3	6	0	0	0	10	13	15	0	10	5	3	5	3	1	3	3	0	9	13	0	0	0	0	5	9	2	8	4
41	36	26	1	1	10	697	0	45	173	2	14	253	4	0	149	0	1901	22	75	1	136	0	763	23	1	94	107	0	116	1	375	55	2
410	41	2	16	0	1	168	2	4	187	1	5	11	2	0	8	35	0	0	0	0	2	0	2	10	0	39	0	0	0	0	0	0	1
411	0	0	2	0	0	8	0	0	0	0	0	67	0	2	0	77	0	0	0	0	0	0	0	0	0	1	2	0	0	0	1	0	0
412	0	2	0	0	1	0	0	3	6	0	0	0	0	0	0	0	0	0	0	0	3	0	120	0	0	7	1	0	0	0	0	0	0
413	0	0	0	0	0	0	0	0	132	0	0	0	0	0	0	0	0	0	0	0	0	0	0	0	0	0	0	0	0	0	0	0	0
414	0	11	4	0	0	0	0	0	0	0	1	0	0	0	0	2	1	5	25	0	11	14	0	0	0	0	6	0	0	0	5	110	0
415	0	3	1	0	0	3	0	0	0	0	2	6	0	1	0	5	21	1	14	0	0	0	0	0	0	0	0	0	0	0	117	47	28
416	0	0	0	0	0	0	0	0	0	0	0	0	0	0	0	0	0	0	0	0	0	0	0	0	0	0	0	0	173	0	0	0	0
418	0	0	0	0	0	0	0	0	0	0	0	0	0	0	0	0	0	11	0	26	0	0	0	0	8	0	67	18	0	0	0	0	0
419	2	5	24	0	0	0	0	0	7	0	27	37	4	17	1	2	0	1	6	0	0	0	13	0	0	14	1	11	0	5	0	1	0
42	1	484	45	0	190	29	0	1049	159	0	171	42	0	75	0	2038	0	0	0	0	0	1	0	1	0	0	3	0	0	0	0	0	0
421	3	22	0	0	0	0	0	3	1	2	5	0	0	1	2	1	1	3	7	16	1	0	6	1	0	14	47	6	1	0	5	3	2
423	0	1	0	0	122	2	0	2	5	49	7	0	0	1	3	0	0	0	0	0	0	0	0	0	1	0	0	15	0	0	0	0	0
424	0	11	0	1	3	0	0	5	4	1	62	1	0	2	0	2	0	1	1	2	1	2	0	1	3	0	2	3	2	3	0	1	5
425	0	0	0	0	0	0	0	0	118	0	0	0	0	0	0	0	0	0	0	0	0	0	0	0	0	0	0	0	0	0	0	0	0
426	4	1	0	0	2	0	3	13	0	49	11	0	0	0	4	0	0	0	1	0	0	0	9	0	62	0	0	1	0	0	0	0	0
427	1	1	0	0	0	0	0	0	0	0	0	8	0	0	0	0	0	58	0	0	5	0	2	82	4	0	9	0	0	0	0	2	0
428	185	1	562	0	0	71	0	2	349	10	7	306	21	5	20	1	0	0	0	0	1	0	0	0	0	0	0	0	0	0	0	0	0
429	0	0	137	0	0	0	0	0	0	0	0	31	0	0	0	0	0	0	0	0	0	0	0	0	0	0	0	0	0	0	0	0	0
43	0	1	1	0	0	1	0	0	0	0	0	4	0	1	0	0	0	837	0	0	1	0	2	4939	0	0	0	0	0	0	0	0	0
432	14	21	0	3	10	0	0	25	0	0	3	0	0	1	2	1	0	2	2	5	0	2	3	2	37	7	1	0	0	1	0	0	1
433	1	1	0	9	1	0	2	0	9	1	9	12	0	3	6	9	0	0	2	1	2	13	0	0	0	0	0	3	9	0	0	2	0
435	0	0	0	0	0	0	0	0	116	0	0	0	0	0	0	0	0	0	0	0	1	0	1	5	0	0	0	0	0	0	0	0	0
436	0	3	0	2	5	1	5	40	0	3	2	0	0	0	1	0	0	0	1	0	1	0	0	1	51	0	4	1	0	0	0	0	1
437	1	0	2	0	0	0	0	0	4	0	0	3	0	0	0	0	0	1	0	0	0	0	2	2	0	0	1	1	0	0	80	11	0
438	0	0	0	0	0	0	0	0	82	0	0	0	0	0	0	0	0	0	0	0	0	0	25	0	0	0	0	0	0	0	0	0	0
44	0	4	2	0	1	0	0	0	0	0	0	13	0	6	0	191	0	0	3	0	0	0	1	5	0	0	0	0	1	0	0	0	3516
441	1	0	0	0	0	0	0	1	0	0	0	0	0	0	0	0	0	0	0	0	2	0	4	68	2	31	0	4	0	2	0	0	0
442	2	0	35	0	0	155	0	0	0	0	0	0	0	5	0	2	0	0	0	0	0	0	0	0	0	0	0	0	0	0	0	0	0
443	1	16	0	1	1	0	4	20	12	1	2	0	1	0	1	1	0	4	12	2	1	0	3	0	1	5	3	0	1	0	1	1	4
444	0	1	0	0	0	0	0	0	0	0	0	0	0	0	90	1	0	0	0	0	2	0	0	10	0	0	0	0	0	0	0	0	0
446	0	0	1	0	0	1	0	0	0	0	0	0	0	0	0	0	112	0	0	0	0	0	3	0	0	0	0	0	0	0	0	7	0
447	0	1	6	0	0	0	0	0	17	0	1	3	0	81	0	9	0	0	0	0	0	0	0	0	0	0	0	0	0	0	0	0	0
448	0	0	0	0	0	0	0	0	102	0	0	0	0	0	4	0	0	0	0	0	0	0	2	1	0	0	0	0	0	0	0	0	0
449	2	3	4	6	1	4	1	5	4	5	4	4	2	3	2	3	0	0	3	1	2	5	3	8	0	1	0	0	2	2	1	3	0
45	2	0	3	0	0	0	0	2	0	0	0	64	0	20	1	31	0	0	1	0	0	0	0	0	0	0	0	0	0	0	3138	129	0
450	0	0	0	0	0	0	1	0	0	33	0	0	0	0	1	0	0	3	0	0	0	0	0	0	0	0	0	0	0	0	70	0	0
451	0	1	16	0	0	1	0	0	0	0	8	66	0	15	0	23	16	0	4	0	0	0	0	0	0	0	0	0	0	0	5	0	3
452	0	6	0	0	0	0	5	21	19	0	0	0	1	1	0	0	1	0	8	1	0	4	2	0	4	4	0	4	0	0	0	0	0
453	18	10	0	7	6	11	4	3	11	12	6	0	23	4	4	1	0	0	0	8	5	1	2	4	7	0	0	5	0	3	0	2	1
454	0	1	0	0	0	0	1	0	0	0	2	0	0	0	0	0	0	0	0	0	1	0	82	0	1	1	0	0	0	0	0	0	0
457	0	1	0	0	0	0	0	5	13	0	0	0	0	0	127	10	0	0	0	0	0	0	0	0	0	0	1	4	0	0	0	0	0
459	0	0	1	0	0	0	13	64	5	0	0	0	0	0	0	0	0	0	0	0	0	0	1	0	0	0	0	0	0	0	0	0	0
46	1	0	3059	0	0	25	0	1	0	1	0	1157	0	708	0	12	0	0	0	0	1	0	0	1	0	0	0	0	0	0	0	0	0
461	0	42	0	1	3	0	0	3	1	3	37	2	3	1	1	0	0	1	1	0	1	2	0	0	1	0	0	1	0	0	0	1	0
462	0	2	12	0	0	0	0	0	0	0	36	6	0	13	0	23	1	0	0	0	0	0	0	0	0	0	0	0	0	0	19	1	3
463	7	4	0	22	2	16	0	5	1	2	5	2	2	2	0	57	0	0	0	0	0	0	0	2	0	1	0	0	1	0	0	1	0
464	1	7	0	0	0	2	0	0	2	0	15	0	0	1	0	0	0	4	0	0	1	10	12	0	31	0	22	1	0	0	0	0	0
465	0	0	2	0	0	0	0	0	0	0	0	4	0	0	0	0	0	0	0	0	0	0	1	0	0	0	92	0	0	0	0	0	0
466	0	0	3	0	0	0	0	0	0	0	0	2	0	0	0	0	0	0	0	0	0	0	0	0	0	0	92	0	0	0	0	0	0
467	0	0	0	0	0	0	5	5	0	28	0	0	7	0	9	0	0	0	1	0	0	0	0	0	2	0	0	0	0	96	5	0	0
468	0	0	0	0	0	1	0	0	3	0	1	0	3	0	1	0	0	0	0	0	8	0	45	5	0	34	0	0	0	0	0	0	0
469	0	44	18	0	0	5	0	0	0	0	27	6	0	34	0	13	0	0	0	0	0	0	0	0	0	0	0	0	0	0	1	1	1
47	1	1	0	0	0	3	3	29	10	1	1	0	1622	0	0	0	1	1	0	0	419	0	1035	163	0	208	1	0	85	5	0	1	0
470	1	0	0	0	0	0	40	3	0	0	0	0	70	0	0	0	1	33	0	0	57	0	2	50	0	3	54	4	0	2	0	0	0
471	0	0	0	0	0	0	0	0	0	0	0	0	0	1	0	0	0	0	0	0	0	0	16	6	0	142	0	0	0	0	0	0	0
473	1	14	0	4	48	0	1	5	0	1	16	3	1	0	2	0	0	2	2	0	0	2	0	0	1	0	2	5	1	0	0	2	5
474	0	0	40	0	0	0	0	0	0	0	0	26	0	50	0	0	0	0	0	0	0	0	0	0	0	0	0	0	0	0	0	0	0
475	0	9	72	2	3	6	0	0	0	0	0	0	0	37	0	1	0	0	0	0	0	0	3	0	0	0	0	1	0	1	0	0	0
476	0	0	0	0	2	0	0	0	0	0	0	1	0	0	0	109	0	0	0	0	0	0	0	0	0	0	0	0	0	0	0	0	0
478	0	0	0	0	0	0	37	28	2	1	1	0	0	0	0	0	0	0	1	0	0	0	2	1	14	0	0	0	0	0	0	0	1
48	4	3	83	2300	52	13	1	6	0	1	3	1	1	49	0	29	48	251	1	0	46	8	67	22	52	175	155	123	8	37	13	29	0
483	1	0	0	0	0	0	0	0	0	0	0	0	0	3	3	2	27	0	0	0	0	0	2	1	0	31	0	0	10	2	4	0	0
484	2	3	0	0	0	0	1	63	1	0	1	0	1	1	0	2	1	0	0	1	0	0	5	9	0	0	0	2	0	1	0	0	0
485	0	18	7	0	1	0	0	0	0	1	10	2	5	0	1	2	1	3	15	0	0	1	1	0	2	0	0	2	0	0	6	10	21
487	0	1	0	0	0	0	0	0	6	0	1	0	0	0	0	0	0	0	0	0	0	0	39	54	1	0	0	0	0	0	1	0	1
488	1	0	154	1	0	69	0	0	2	0	3	134	0	63	0	6	1	0	0	0	8	0	14	4	0	24	130	1	1	0	0	0	0
49	1	1	2	28	0	4	1	1	3	28	0	1	39	267	0	27	574	72	0	1	96	178	13	779	218	288	28	1030	46	223	1033	1	0
490	1	5	0	0	1	0	1	1	0	0	5	0	0	0	1	3	1	1	5	0	0	1	3	0	4	1	0	2	0	0	9	5	38
491	0	0	0	0	0	0	0	0	0	0	0	0	0	129	0	1	0	0	0	0	0	0	0	0	0	0	0	0	0	0	0	0	0
492	0	0	1	0	0	5	0	0	0	0	0	2	0	98	0	0	2	1	0	0	0	0	16	1	0	15	244	0	4	0	0	0	0
493	20	0	0	0	0	0	0	8	0	5	0	0	0	0	36	0	0	1	0	0	2	1	0	0	0	0	5	0	0	0	2	3	8
495	20	1	98	1	0	7	0	0	0	0	0	14	0	53	4	1	1	3	1	0	5	0	19	3	1	18	256	9	3	1	0	0	0
496	1	1	0	0	0	0	0	0	91	0	0	0	0	0	0	0	0	0	0	0	0	0	0	0	0	0	0	0	0	0	0	0	0
499	1	5	1	2	1	4	2	1	3	3	6	7	0	4	2	0	2	0	1	1	1	3	2	4	0	1	0	1	2	2	0	1	1
5	3414	4716	1077	61	3111	224	615	300	246	360	214	78	171	982	1082	229	65	343	549	0	1407	2927	399	651	611	100	726	1854	79	3773	337	31	6
50	0	54	1	10	57	0	25	26	0	378	18	2	2	0	524	0	0	96	237	0	4	1063	42	5	633	1	113	118	1	7	0	177	0
500	5	5	1	0	1	0	0	1	0	0	4	18	0	0	1	13	24	1	59	0	0	1	0	1	0	0	4	0	0	0	30	92	310
501	0	0	50	0	0	23	0	1	1	0	0	48	0	1	1	6	0	0	0	0	0	0	0	0	0	0	0	0	0	0	0	1	0
503	0	0	0	0	0	0	0	2	0	0	0	0	81	0	0	2	0	0	0	0	1	0	0	1	0	0	0	0	0	0	0	0	0
504	0	80	0	0	1	0	1	1	0	0	0	0	0	0	0	0	0	0	2	0	0	0	0	0	0	0	0	0	0	0	0	0	0
505	0	1	0	0	0	0	6	44	13	0	0	0	3	1	1	0	0	1	1	0	1	0	8	0	2	8	0	1	0	0	0	0	0
506	0	0	0	0	2	0	0	0	0	122	0	0	0	0	2	0	0	0	0	0	0	0	0	0	0	0	0	0	0	0	0	0	0
507	3	5	5	1	0	0	7	2	1	10	1	1	0	8	2	0	0	0	1	1	0	1	3	5	0	0	0	0	1	0	1	0	2
509	0	1	3	0	0	134	0	0	0	0	0	0	0	7	0	0	0	0	0	0	0	0	0	0	0	0	0	0	0	0	0	0	0
51	0	0	0	0	1	0	0	0	1	0	4	0	151	0	3674	0	2	0	1	0	2	0	0	0	0	0	4	0	0	0	0	0	1
510	0	0	0	0	0	0	9	11	1	1	1	0	0	0	2	13	0	0	0	0	3	0	16	0	1	0	0	0	0	2	0	0	1
511	0	0	0	0	0	0	0	0	2	0	0	1	0	0	0	1	0	0	0	0	8	0	30	1	0	27	0	0	0	0	0	0	0
512	14	0	0	0	0	0	2	0	0	2	0	0	0	0	18	0	0	32	0	0	12	0	0	8	0	0	24	0	1	0	0	10	0
514	1	2	9	0	0	0	0	0	1	0	0	0	35	1	24	0	0	0	0	0	0	0	1	1	0	0	0	0	0	0	0	0	1
515	0	0	0	0	0	0	0	0	0	0	0	0	0	0	0	0	0	0	0	0	1	0	4	1	0	52	0	0	0	0	0	0	0
516	0	0	0	0	0	0	0	0	0	21	0	0	0	1	3	0	78	21	3	0	16	0	13	34	0	1	80	0	3	0	14	3	0
518	8	4	4	2	1	2	1	0	0	11	0	4	9	6	4	1	2	28	33	0	14	3	0	48	2	0	29	8	1	2	3	28	1
519	2	2	1	2	0	0	2	7	4	4	3	0	0	0	21	2	0	0	0	0	0	0	19	2	1	1	1	1	0	0	0	0	1
52	1	527	397	0	1	926	2	1	41	0	842	557	0	302	1	149	62	1	116	0	0	0	2	1	0	0	0	0	0	0	100	31	41
520	2	1	1	16	2	3	1	3	0	2	0	0	0	1	0	17	0	0	0	0	6	14	1	2	0	0	0	2	8	0	0	3	0
521	0	1	0	1	2	0	11	42	3	1	0	0	1	0	1	0	0	1	0	0	1	0	0	0	0	0	0	0	0	0	0	0	0
523	0	0	34	0	0	0	0	0	0	0	0	95	0	0	0	0	0	0	0	0	0	0	0	0	0	0	0	0	0	0	0	0	0
524	0	0	0	1	1	2	0	1	80	1	0	0	0	0	1	0	0	0	0	0	0	0	2	0	0	1	0	0	0	0	0	0	0
525	0	1	0	2	2	2	0	5	0	0	3	0	0	0	0	52	0	0	1	0	0	0	0	0	0	0	0	0	0	0	0	0	3
526	27	3	2589	7	1	1237	1	0	451	0	112	2889	1	760	10	90	0	0	1	0	0	0	28	5	0	0	8	0	0	1	1	1	1
527	2	72	4	0	0	0	0	0	0	0	0	0	0	2	1	0	0	0	0	1	2	0	0	1	0	0	0	0	1	1	0	1	0
529	1	5	0	0	14	1	0	5	0	0	4	0	19	0	0	1	0	0	0	0	0	0	0	0	0	0	0	61	0	0	0	0	0
53	5	9	209	2	5	4323	1	1	9	0	0	4	4	41	2	344	1	5	0	0	5	3	0	2	49	0	1	931	0	21	0	0	0
531	0	0	42	0	0	32	0	0	21	0	0	4	0	2	0	0	0	0	0	0	0	0	0	0	0	0	0	0	0	0	0	0	0
532	0	0	0	0	0	0	2	1	0	0	0	0	0	0	0	0	0	0	0	0	80	0	4	1	0	0	0	0	0	1	0	0	0
533	0	0	0	0	0	0	0	0	75	0	0	0	0	0	3	0	0	0	0	0	0	0	0	0	0	0	0	0	0	1	0	0	0
534	0	0	64	0	0	2	0	0	0	0	0	58	0	0	0	0	0	0	0	0	0	0	0	0	0	0	57	0	0	0	0	0	0
535	5	0	4	4	1	7	0	0	0	8	8	10	0	10	4	4	1	2	0	2	2	0	4	6	0	0	2	0	5	4	2	3	1
536	0	0	1	0	0	0	0	0	0	0	0	1	0	0	1	15	0	4	1	0	2	1	0	10	7	0	0	10	0	30	1	0	0
537	0	0	0	0	1	0	0	0	0	0	1	1	0	1	0	1	7	2	0	0	1	0	0	0	0	0	0	0	0	0	40	97	0
539	8	0	1	0	0	0	0	0	65	1	0	1	1	0	4	1	0	0	0	0	2	0	0	7	0	16	1	0	0	1	0	0	0
54	386	183	125	2	64	1	28	51	5	122	16	3	53	232	68	80	0	24	93	0	377	565	2	26	62	0	90	49	0	1504	17	3	3
540	3	2	6	1	1	1	4	5	2	2	2	0	1	2	2	0	0	1	1	1	1	0	3	1	0	1	0	1	0	1	1	2	3
541	0	0	0	0	0	0	0	0	0	0	0	0	72	0	0	0	0	0	0	0	0	0	0	0	0	0	0	0	0	1	0	0	0
542	1	0	0	0	0	0	0	0	0	0	0	1	1	1	19	0	0	9	1	0	1	0	0	3	0	1	8	0	0	0	25	16	0
543	0	1	0	2	7	1	2	21	0	1	16	1	1	1	2	0	0	0	0	0	0	0	0	0	0	1	0	0	0	0	1	1	5
544	0	0	0	0	0	38	0	0	0	0	0	0	16	0	0	0	7	0	0	0	0	0	0	0	0	0	0	0	1	20	0	0	0
546	7	24	0	0	0	1	0	0	8	0	0	0	4	0	3	9	0	0	0	0	0	0	2	1	0	3	0	0	0	2	0	1	0
547	8	15	0	0	0	0	0	0	0	18	4	1	0	0	27	4	0	0	0	0	0	0	1	0	1	0	0	2	1	0	0	0	0
548	0	13	0	0	0	0	0	0	0	1	35	3	0	2	0	1	0	0	0	0	1	0	0	0	5	0	0	0	0	0	0	0	0
55	2	0	0	2	1	0	0	12	0	0	0	0	0	0	1	0	1	1	0	0	0	1	0	1	0	0	0	1	0	1	4	3490	27
550	0	0	0	0	0	0	0	0	0	0	0	0	0	0	0	0	0	0	0	0	0	0	54	0	0	0	0	0	0	0	0	0	0
551	0	0	1	0	0	9	0	0	4	0	6	36	0	2	1	6	1	0	5	0	0	0	0	0	0	0	0	0	0	0	0	1	8
552	0	1	1	0	0	0	0	1	1	0	0	48	0	0	0	0	0	0	0	0	0	1	159	0	0	0	0	0	0	0	0	0	0
553	0	0	0	0	0	0	0	0	0	0	0	0	0	1	1	0	0	0	0	0	0	0	25	0	0	22	0	0	0	0	0	0	0
554	1	1	0	0	0	0	0	0	2	0	0	0	0	0	0	0	0	0	0	0	0	0	4	0	0	41	0	0	0	0	0	0	0
555	0	1	0	0	0	0	1	0	0	8	1	0	0	0	0	0	3	1	1	0	0	0	0	1	0	0	1	1	0	0	19	16	16
556	0	1	0	0	107	0	0	0	0	0	0	0	0	0	0	0	0	0	1	0	0	0	0	0	0	0	0	0	0	0	0	0	0
558	1	0	12	0	0	4	3	0	20	0	0	7	8	0	0	2	0	0	0	0	0	0	6	1	1	3	0	0	0	1	0	0	0
559	0	3	33	0	0	0	0	0	0	0	4	23	0	7	0	17	1	0	0	0	0	0	0	0	0	0	0	0	0	0	0	0	0
56	1	2	0	0	0	0	0	3	6	1	0	1	0	2	0	0	0	0	0	0	244	0	1188	2010	1	14	1	0	0	0	1	0	1
561	0	1	4	0	0	11	0	0	2	0	1	100	0	5	0	1	0	0	0	0	0	0	0	0	0	0	0	0	1	0	0	1	0
562	0	0	4	0	0	104	0	0	0	0	0	10	0	71	0	15	1	0	0	0	1	0	2	0	0	2	0	0	0	0	0	0	0
564	0	54	0	0	0	0	0	5	0	1	1	0	0	0	0	0	0	0	2	0	0	0	0	0	0	1	0	0	0	0	0	0	0
565	0	1	0	0	0	0	0	0	0	0	55	10	0	0	0	0	0	1	3	0	0	3	0	0	0	0	0	0	0	0	0	27	7
567	0	0	0	0	0	1	0	0	0	0	0	1	0	0	0	68	0	0	1	0	0	0	0	0	0	0	0	0	0	0	0	0	0
568	0	1	0	0	0	0	8	1	0	0	0	0	0	0	1	0	0	1	0	0	8	0	23	0	1	20	2	0	0	0	0	1	0
569	0	10	0	0	0	0	4	5	8	0	0	0	1	0	0	0	0	0	6	0	0	8	0	0	1	2	0	4	0	0	0	0	0
57	0	0	2	0	1	1110	0	0	631	1	0	524	0	0	254	4	49	199	32	0	555	0	72	357	3	140	176	0	13	1	8	36	0
570	0	22	0	0	53	1	0	0	1	0	17	1	0	5	0	2	0	0	0	0	0	0	0	0	0	0	0	0	0	0	0	0	0
571	0	0	0	0	0	1	0	0	65	0	0	0	0	0	0	0	0	0	0	0	1	0	0	0	0	0	0	0	0	0	0	0	0
572	0	0	0	0	0	0	0	0	0	0	0	1	1	0	66	0	0	0	0	0	1	0	0	0	0	0	0	0	0	0	0	0	0
573	0	0	0	0	0	0	0	0	0	0	0	0	51	0	0	0	0	0	0	0	0	0	0	0	0	0	0	0	0	0	0	0	0
574	1	4	1	0	1	0	0	1	3	1	13	1	0	21	1	6	0	0	0	0	1	0	0	10	0	19	0	0	0	1	0	0	3
577	9	4	0	0	0	0	0	3	0	2	9	0	5	2	31	3	0	0	0	0	2	0	4	2	0	1	0	0	0	0	0	0	0
578	0	8	0	0	3	0	0	29	1	0	5	0	0	0	0	0	0	0	0	0	1	1	0	0	7	0	0	0	0	0	0	0	1
579	0	0	0	0	1	0	0	0	0	0	0	0	0	0	0	74	0	0	0	0	0	0	0	0	0	0	0	0	0	0	0	1	0
58	1	220	269	0	0	3	0	1	3	0	416	107	0	500	0	1450	0	0	1	0	0	0	0	0	0	0	1	0	0	0	4	2	0
580	0	0	0	0	0	0	0	0	52	0	0	0	6	0	0	0	0	0	0	0	0	0	0	0	0	0	0	0	0	0	0	0	0
581	0	0	4	0	0	0	0	0	0	1	0	0	0	0	0	0	0	3	0	0	0	1	0	0	11	0	12	6	0	1	3	31	0
582	0	0	0	0	0	1	0	0	0	0	0	0	0	0	0	0	2	0	0	0	0	0	10	0	0	34	0	0	0	0	0	0	0
583	0	9	0	1	3	3	1	1	15	1	25	0	3	0	0	0	0	0	1	0	1	2	0	0	2	0	0	1	0	0	0	0	0
584	0	8	16	0	0	6	0	0	0	0	1	1	0	4	0	34	1	1	0	0	0	0	0	0	0	0	0	0	0	0	3	1	0
585	0	0	0	0	0	0	0	2	51	0	0	0	0	0	0	0	0	0	0	0	0	0	0	0	0	0	0	0	0	0	0	0	0
586	0	0	0	0	0	0	0	0	0	0	0	1	0	0	0	0	0	0	3	0	0	0	13	0	1	68	1	1	0	0	0	0	0
587	25	41	0	0	1	0	0	0	0	0	0	0	0	1	0	0	0	0	0	0	0	0	0	0	0	0	0	0	0	0	0	0	1
589	2	2	0	0	0	0	0	0	161	0	0	1	1	0	0	0	0	0	0	0	0	0	5	0	0	0	0	0	0	0	0	0	0
59	79	75	13	1447	479	29	7	246	5	8	1	1	20	1	9	14	4	1	1	47	5	3	4	28	7	13	8	24	43	17	0	4	5
590	0	1	4	0	0	2	0	0	0	0	0	15	0	82	0	0	0	0	0	0	0	0	0	0	0	0	0	0	0	0	0	0	0
591	0	0	4	0	0	5	0	3	14	0	0	1	3	2	0	1	0	0	1	0	0	1	5	0	13	3	0	0	12	15	1	0	0
592	3	1	24	0	1	9	0	0	21	1	14	67	1	1	2	0	0	0	0	0	0	0	0	0	0	0	0	0	0	0	0	0	0
593	0	0	0	0	1	0	1	28	9	0	0	0	0	0	0	0	0	0	0	0	0	0	0	0	0	0	0	0	0	0	0	0	0
594	0	0	0	0	0	16	0	0	52	0	0	0	0	0	0	1	0	0	0	0	0	0	0	0	0	0	0	0	0	0	0	0	0
595	0	0	0	0	0	0	0	0	0	0	0	2	0	5	0	3	1	4	0	0	0	0	0	0	0	0	0	0	0	0	24	21	3
596	0	0	1	0	0	0	0	0	0	0	0	74	0	1	0	10	0	0	0	0	0	0	0	1	0	0	1	0	0	0	0	0	0
597	0	1	0	0	0	0	0	1	0	0	0	0	0	0	4	0	0	0	2	0	0	0	0	1	0	0	0	0	0	85	4	0	0
598	0	0	0	0	0	0	0	0	0	0	0	1	0	0	0	0	0	26	0	0	0	0	14	22	0	0	0	0	0	0	0	0	0
6	34	512	557	1	0	10	2	8	12	1	798	276	4	1150	8	2828	5557	435	1618	2	7	30	11	6	51	0	248	1	18	3	5625	1602	2227
60	0	1	1	0	4617	136	0	3	2	0	2	11	0	4	2	0	1	0	0	0	2	0	2	1	0	0	0	3	0	0	0	4	0
601	0	0	23	0	0	0	0	0	0	0	3	45	0	3	0	8	0	0	0	0	0	0	0	0	0	0	0	0	0	0	0	0	0
602	0	0	0	0	0	0	0	0	0	0	0	0	44	0	0	0	0	0	0	0	0	0	0	0	0	0	0	0	0	0	0	0	0
603	0	1	1	0	0	0	0	0	0	0	0	0	0	0	0	2	0	1	0	0	1	0	47	0	0	0	0	0	0	0	0	0	0
605	3	1	0	0	0	0	0	4	0	1	0	0	0	0	5	1	1	2	1	0	1	11	0	10	0	0	2	0	0	17	0	3	1
606	1	1	15	0	0	16	1	0	24	0	1	4	0	8	2	7	0	0	0	0	0	0	0	0	0	0	0	0	0	0	0	0	0
607	0	8	3	0	0	0	0	0	0	0	8	20	0	2	0	0	0	1	0	0	22	1	0	9	2	0	6	0	0	1	0	1	0
608	0	0	0	0	0	1	0	0	0	0	0	81	0	0	0	0	0	0	0	0	0	0	0	0	0	0	0	0	0	0	0	0	0
609	0	0	0	0	0	0	0	0	0	3	0	3	0	0	0	1	7	0	0	0	0	0	0	0	0	22	0	0	0	0	9	7	3
61	340	11	0	1	3	0	0	0	0	0	0	11	0	1	3	1	72	26	56	0	3	62	1	1	1	0	17	0	0	0	102	401	1695
610	2	5	3	0	0	0	1	0	5	2	5	5	0	2	3	0	0	0	3	0	0	0	1	5	0	1	0	0	0	0	2	0	1
611	4	0	8	4	1	7	0	0	0	3	8	12	0	6	3	4	2	1	0	3	2	0	6	10	0	0	0	0	2	4	4	3	3
612	1	0	4	0	0	5	0	15	5	3	1	5	0	4	1	2	0	0	0	0	3	2	2	5	0	1	1	0	0	0	0	3	0
613	0	7	0	1	0	2	1	0	0	2	0	1	0	3	0	0	0	0	0	1	1	0	6	9	0	1	0	0	1	0	0	1	4
614	0	0	0	0	0	0	0	0	58	0	1	1	0	0	0	0	0	0	0	0	1	0	0	0	0	0	0	0	0	0	0	0	0
617	3	3	2	0	0	0	2	2	4	1	4	6	0	3	1	0	0	0	2	1	0	0	2	6	0	0	0	0	0	0	0	0	1
618	0	0	3	0	0	4	0	0	22	0	0	1	0	11	0	1	0	0	0	0	0	0	0	0	9	21	0	0	1	2	0	0	0
619	0	2	13	0	0	0	0	0	5	0	0	0	0	30	1	12	0	0	0	0	0	0	0	0	0	0	0	0	0	1	0	0	0
62	0	0	0	0	0	3	0	0	0	1	0	1	1142	1	0	1	0	0	0	0	1514	0	13	0	0	0	0	0	0	30	0	1	0
620	0	0	0	0	0	0	0	0	0	0	0	0	0	0	0	44	0	0	0	0	0	0	0	0	0	0	0	0	0	0	0	0	0
621	5	9	0	31	1	0	0	0	0	0	0	1	4	1	2	6	6	0	0	0	0	0	2	0	0	1	0	0	0	0	0	1	0
622	1	1	0	0	0	0	0	7	12	1	0	0	27	0	2	13	0	0	0	0	0	0	2	0	0	0	0	0	0	1	0	0	0
623	1	10	1	0	5	0	0	0	16	0	17	1	0	1	1	0	0	0	0	0	0	0	0	0	1	0	0	1	0	0	0	1	0
624	0	0	4	0	0	23	0	0	0	0	1	53	0	9	0	0	0	0	0	0	0	0	0	0	0	0	0	0	0	0	0	0	0
625	7	5	0	0	0	0	0	0	0	0	0	0	0	0	1	0	0	0	0	0	0	0	0	0	0	0	0	0	0	69	0	0	0
626	1	10	0	1	2	0	0	2	0	1	8	1	0	0	1	0	0	4	6	1	1	1	1	1	6	1	7	2	0	0	1	5	7
627	0	0	3	0	0	1	0	0	9	0	0	4	0	52	1	6	6	0	0	0	1	0	10	1	0	21	0	5	0	0	2	0	0
628	0	0	0	0	0	0	0	0	0	1	1	6	0	1	0	3	7	0	3	0	0	0	0	0	0	0	0	0	0	0	34	11	5
629	3	9	1	0	0	0	0	0	0	0	0	0	33	1	1	0	0	0	0	0	0	0	0	0	0	0	0	0	0	0	0	0	0
63	1957	3	7	0	0	38	8	5	6	21	0	68	1	9	42	0	0	232	63	0	0	85	0	3	102	0	12	1	0	112	0	14	0
630	1	17	0	0	2	1	0	6	0	0	3	0	0	0	1	0	2	1	9	0	0	2	0	1	0	0	1	1	1	0	1	0	2
632	0	1	2	0	0	9	0	0	49	0	0	7	0	5	0	0	0	0	0	0	0	0	0	0	0	0	0	0	0	0	0	0	0
633	0	0	27	0	0	0	0	0	0	0	0	7	7	0	0	2	0	0	0	0	0	0	4	1	0	23	0	0	0	0	0	1	0
635	0	0	0	0	0	0	0	0	51	0	0	0	0	0	0	0	0	0	0	0	0	0	0	0	0	0	0	0	0	0	0	0	0
638	3	14	0	0	6	0	0	0	1	1	28	1	0	0	0	0	0	0	0	0	0	1	0	1	2	0	0	0	0	0	0	2	0
639	27	8	15	0	0	19	0	0	1	2	0	15	4	25	6	11	0	1	7	0	26	2	0	0	4	1	4	5	0	0	0	2	1
64	0	0	9	0	0	21	0	0	1	1	0	18	0	5	1	0	0	182	2	0	0	8	4	1	0	629	176	5	0	1	0	1698	0
640	0	0	0	0	48	2	0	1	0	0	1	0	0	0	0	4	0	0	0	0	0	0	0	0	0	0	1	0	0	0	0	0	0
643	2	34	0	0	1	0	2	3	0	0	0	0	0	0	0	0	0	0	0	0	0	0	0	0	0	0	0	0	0	0	0	0	0
644	0	0	0	0	0	0	14	20	2	0	0	0	0	0	0	0	0	0	0	0	0	0	0	0	0	0	0	0	0	0	0	0	0
645	0	0	0	0	0	2	0	1	0	10	0	1	0	0	1	0	0	0	0	0	0	0	23	0	1	7	0	0	2	13	4	0	0
646	2	6	1	0	0	0	0	1	0	5	15	0	0	1	1	1	0	0	0	0	0	0	0	0	3	0	1	1	0	0	1	1	1
647	0	27	4	0	1	4	0	0	0	1	18	2	0	7	0	8	0	0	0	0	0	0	0	0	0	0	0	0	0	0	2	0	0
649	0	0	0	0	0	0	4	0	3	2	0	0	7	24	33	0	16	3	1	0	6	0	7	6	0	3	10	0	2	0	8	1	0
65	1	1	3	0	1	0	0	1	0	0	1	42	0	10	1	13	43	5	37	0	1	1	0	0	0	0	4	0	2	1	1763	491	8
650	0	0	0	0	0	0	14	7	14	1	0	0	0	0	0	0	0	0	0	0	0	0	0	1	6	2	0	1	0	0	0	0	1
651	0	0	0	0	0	0	0	0	0	0	0	0	0	0	0	61	0	0	0	0	0	0	0	0	0	0	0	0	0	0	0	0	0
652	0	0	0	0	0	0	0	0	0	0	0	0	0	0	1	0	0	0	0	0	36	0	0	24	0	0	0	0	1	0	0	0	0
654	7	7	2	1	1	2	2	2	0	2	1	1	2	3	1	0	0	0	1	1	0	1	2	2	0	1	0	0	1	1	0	0	1
655	0	0	53	0	0	1	0	2	0	0	1	44	0	0	0	0	0	0	0	0	0	0	0	0	0	0	0	0	1	0	0	0	0
656	1	1	1	0	0	0	0	0	0	0	0	3	0	1	0	0	0	32	0	0	0	0	0	56	1	0	0	0	7	4	0	0	0
657	0	0	0	0	0	0	0	0	0	0	2	9	0	0	1	0	0	0	1	0	0	0	0	0	1	5	0	0	66	8	0	0	0
658	1	4	1	1	0	0	3	3	5	3	4	4	1	4	1	0	0	0	1	0	0	0	2	3	0	0	0	0	0	2	1	0	0
659	0	22	6	0	2	0	0	0	5	0	9	0	0	4	1	1	0	0	1	0	0	0	0	0	0	0	0	0	0	0	0	1	0
66	0	9	0	0	1	329	0	15	62	0	26	74	4	0	1979	0	32	33	47	0	280	0	3	43	2	3	100	1	6	1	1	34	3
660	0	0	0	0	1	0	0	0	0	0	0	0	0	0	62	0	0	0	0	0	0	0	0	0	0	0	0	0	0	0	0	0	0
661	0	0	0	0	0	0	0	0	0	0	0	1	0	0	0	0	0	1	1	0	1	0	0	0	2	56	0	0	0	2	1	1	0
662	2	6	0	0	0	0	1	15	9	1	9	2	1	1	1	0	0	0	0	0	2	0	1	0	0	0	0	0	0	1	0	1	0
663	56	27	1	0	6	0	0	0	0	0	1	0	0	4	0	0	0	0	0	0	0	0	0	0	0	0	0	0	0	0	0	0	0
665	0	0	0	0	0	0	0	0	0	0	0	1	0	0	0	0	0	0	0	0	0	0	0	0	0	0	36	0	0	0	0	0	0
666	0	0	0	0	0	0	0	0	0	0	0	0	29	0	0	0	0	0	0	0	0	0	0	0	0	0	0	0	0	0	0	0	0
667	1	0	1	0	1	0	1	14	6	1	0	0	1	0	0	0	0	0	0	0	0	0	2	1	1	0	0	0	2	1	0	2	0
669	0	2	1	0	3	0	0	27	3	0	0	0	0	0	0	0	0	0	0	0	0	0	0	0	0	0	0	0	0	0	0	0	0
67	170	7	20	49	69	17	53	9	58	91	62	38	1	17	541	0	0	42	1	0	2	8	332	16	380	23	795	243	0	0	0	0	0
670	3	2	0	3	1	13	0	0	0	0	0	0	0	0	0	0	0	0	0	19	0	0	2	2	0	8	0	0	0	0	0	1	0
671	0	0	4	0	0	0	0	0	0	0	0	1	0	0	0	0	0	0	0	0	0	0	32	1	0	0	0	0	0	0	0	0	0
672	26	7	0	40	29	0	267	165	0	46	2	0	1	1	23	0	0	1	1	6	8	1	4	3	7	1	6	18	3	17	0	0	0
673	1	5	1	7	2	1	7	97	64	0	0	1	1	0	4	0	0	0	1	2	1	0	7	15	0	9	0	0	0	0	0	1	0
674	0	0	0	0	0	0	0	0	0	0	0	0	0	0	0	1	0	0	0	0	0	0	32	1	0	0	0	0	0	0	0	0	0
675	9	4	0	0	1	0	0	0	0	0	20	1	0	2	3	9	0	0	0	0	0	0	0	0	0	0	0	0	0	0	0	0	3
676	0	11	0	0	1	0	0	2	0	0	20	1	0	0	1	1	0	0	2	0	0	0	0	0	2	0	1	1	0	0	0	1	2
677	0	2	9	0	1	6	0	0	7	0	0	28	0	9	0	0	0	0	0	0	0	0	0	3	0	0	0	4	0	0	0	0	0
678	0	0	0	0	0	4	0	0	9	0	0	0	0	0	0	0	0	0	0	0	3	0	1	2	0	7	0	0	0	13	0	0	0
679	0	2	1	0	1	0	0	2	0	0	2	1	0	2	0	5	22	7	6	0	0	0	0	1	0	0	1	0	0	0	107	72	26
68	7	3	1	0	1	2	0	1	2111	1	1	1	4	0	3	0	0	0	1	0	33	0	9	116	0	157	0	0	0	13	0	0	0
680	2	6	1	0	1	1	0	29	3	0	0	1	0	0	1	0	0	0	0	0	0	0	1	0	0	1	1	0	0	0	0	0	0
681	0	9	0	0	0	0	0	0	0	0	41	0	0	0	0	2	0	1	3	0	0	0	0	0	2	0	0	0	0	0	0	0	4
682	0	2	0	0	0	1	0	0	33	0	0	0	0	0	7	1	0	0	0	0	0	0	0	11	0	0	0	0	0	0	0	1	0
683	0	0	0	0	0	0	0	0	0	1	0	0	31	0	0	0	0	0	0	0	0	0	0	0	0	0	0	0	3	1	5	0	0
684	0	0	0	0	0	0	0	0	0	0	0	0	26	0	0	0	0	0	0	0	0	0	0	13	0	0	0	0	0	0	0	0	0
686	16	14	9	0	0	0	0	0	0	0	3	13	0	2	2	3	0	0	0	0	0	0	0	1	0	0	0	0	0	0	0	1	0
687	5	4	0	1	5	0	0	0	0	2	5	1	0	0	1	0	1	0	1	0	0	2	9	0	2	0	0	3	0	0	0	0	0
689	0	0	2	0	0	7	0	0	26	0	0	4	0	1	0	0	0	0	0	0	0	0	0	0	0	0	0	0	0	0	0	0	0
69	5	1	0	0	0	0	95	537	1	1646	3	0	9	1	5	0	0	0	1	0	0	0	89	3	34	0	0	0	0	0	0	0	0
690	0	0	0	0	0	3	0	0	33	0	0	1	2	0	0	0	0	0	0	0	0	0	1	0	2	1	0	0	0	0	0	0	0
691	1	0	0	0	0	68	0	0	0	0	0	0	0	0	1	0	0	0	0	0	0	0	0	0	0	0	0	0	0	0	0	0	0
692	0	1	0	0	0	0	6	0	0	13	0	0	0	6	0	0	0	0	0	2	0	0	0	0	0	0	0	0	0	0	0	0	0
693	0	0	1	0	4	2	0	0	14	1	0	0	0	0	1	2	0	0	0	0	0	0	35	0	0	0	0	0	0	0	0	0	0
694	0	0	0	0	0	0	0	0	0	0	0	0	0	1	1	0	0	0	0	0	0	0	0	0	0	0	0	0	59	0	0	0	0
695	4	6	0	1	3	0	0	0	0	2	5	1	0	0	0	0	0	1	0	0	0	1	9	0	2	0	0	7	0	0	0	1	0
696	6	1	0	0	0	0	0	0	1	0	0	0	0	0	2	0	0	0	0	0	3	0	0	3	0	23	0	0	0	1	0	0	0
697	9	4	0	2	6	0	0	0	0	2	6	1	0	0	2	0	0	1	2	0	0	1	1	0	0	0	0	4	0	0	0	1	0
698	3	8	0	0	15	0	0	1	0	1	8	3	0	0	2	0	0	2	1	1	0	2	0	0	2	0	1	0	0	0	0	1	1
699	0	2	1	0	2	0	1	30	1	2	2	0	0	1	3	0	0	0	0	0	1	0	0	1	0	1	1	2	0	1	0	0	0
7	89	42	22	5	2	48	44	57	37	6	5	12	1939	17	1459	136	11	10	12	10	1413	181	167	2380	199	1266	125	1130	6742	4350	109	33	23
700	0	0	1	0	0	10	0	0	23	0	0	5	0	3	0	0	0	0	0	0	0	0	0	0	0	0	0	0	0	0	0	0	0
701	0	0	14	0	0	12	0	0	25	0	1	21	0	6	2	0	0	1	0	0	3	0	0	5	0	0	17	5	1	0	0	0	0
703	0	6	0	2	2	0	0	1	0	3	6	0	0	0	1	0	0	0	1	0	1	0	7	0	2	0	0	4	0	0	0	0	0
704	0	0	8	0	0	0	0	0	1	0	0	65	0	1	0	0	0	0	0	0	0	0	0	0	0	0	0	1	0	0	0	0	0
707	0	0	0	0	0	1	0	0	0	0	3	1	0	6	2	0	0	14	2	0	13	0	1	1	9	0	14	11	0	0	0	1	0
708	2	1	0	0	0	71	0	0	0	0	0	0	0	0	1	0	0	0	0	0	0	0	0	0	0	0	0	0	0	0	0	0	0
709	0	0	0	0	0	0	0	0	0	37	0	0	0	0	8	0	0	0	0	0	0	0	0	0	0	0	0	0	1	2	0	0	0
71	2	0	0	5	0	1	5	0	0	173	0	2	57	45	47	1	220	464	372	0	12	12	18	0	2	5	914	8	119	1	63	271	0
711	0	0	0	0	0	0	0	0	0	3	0	0	0	0	0	0	0	170	0	0	0	0	0	0	0	0	0	0	0	0	0	0	0
712	1	2	1	0	0	1	1	4	2	1	1	4	0	1	2	0	0	0	3	0	0	1	1	2	0	2	0	0	0	0	1	0	0
713	1	24	2	0	1	0	0	2	0	0	0	0	0	1	0	0	0	1	1	0	0	0	0	0	0	0	0	3	0	0	0	0	0
714	0	2	6	0	0	1	0	3	29	0	5	4	42	3	1	2	1	4	4	0	6	28	2	61	21	1	7	0	0	162	1	0	9
718	0	0	0	0	0	0	0	0	0	0	0	0	0	0	0	0	0	0	0	0	0	0	33	0	0	0	0	0	0	0	37	1	0
719	2	3	0	18	6	1	0	3	10	1	0	0	1	0	0	0	0	0	0	0	10	0	0	0	0	0	0	0	1	0	0	0	0
72	0	0	0	2	0	0	0	0	40	0	0	1	1	0	1	0	0	933	772	0	9	105	0	0	208	0	53	0	222	95	4	57	3
723	0	15	1	0	0	1	0	0	1	0	40	2	0	1	0	0	0	0	0	0	0	0	0	0	0	0	1	0	0	0	0	0	0
724	0	0	101	0	0	0	0	0	0	0	0	7	0	0	0	0	0	0	0	0	0	0	0	0	0	0	0	0	0	0	0	0	0
725	0	1	0	0	0	0	0	3	30	0	0	2	0	0	0	0	0	0	0	0	0	0	0	0	0	0	0	0	0	0	0	1	0
726	0	0	0	0	0	0	0	0	40	0	0	0	0	0	0	0	0	0	0	0	0	0	0	0	0	0	0	0	0	0	0	0	0
727	0	0	0	0	0	0	0	0	0	0	0	41	0	1	0	0	0	0	0	0	0	0	0	0	0	0	0	0	0	0	0	0	0
729	0	0	0	0	0	0	0	0	0	0	0	0	0	0	0	0	0	0	0	0	0	0	0	0	0	0	48	0	0	0	0	0	0
73	92	29	33	26	12	30	166	1342	40	88	10	2	26	8	92	17	1	1	1	39	3	1	3	5	4	11	9	24	1	4	0	4	12
730	5	2	6	1	2	11	3	8	3	0	1	2	2	19	3	0	0	0	0	1	1	0	0	0	4	0	1	2	0	0	0	0	0
731	15	4	4	0	0	0	0	0	24	2	0	0	3	0	5	1	0	0	0	0	0	0	2	1	0	71	0	0	0	0	0	0	0
733	0	0	1	0	0	0	0	0	0	0	0	2	0	0	0	0	2	0	0	0	0	0	0	0	0	0	0	0	0	0	32	13	0
734	2	0	0	0	1	0	0	0	0	0	0	1	0	1	0	0	1	0	0	0	0	0	0	0	0	0	0	0	0	0	20	41	6
736	0	31	10	0	4	17	0	1	0	0	17	3	0	14	0	7	1	0	0	0	0	0	0	0	0	0	0	0	0	0	1	1	0
737	0	0	9	0	0	5	0	0	0	0	0	12	0	13	0	0	0	0	1	0	0	0	0	0	0	0	0	0	0	0	0	0	0
738	1	0	16	0	0	0	0	0	0	0	1	2	0	18	1	0	0	0	0	0	0	0	0	0	0	0	0	0	0	0	0	0	0
739	0	0	0	0	0	0	2	0	0	0	0	0	0	0	6	0	0	0	0	0	0	0	21	1	0	0	0	0	0	0	0	0	0
74	0	1	0	0	0	1	0	0	0	0	0	0	1	0	0	1	0	0	1	0	24	0	195	352	0	1335	0	0	0	0	0	0	0
740	0	1	0	0	0	0	0	0	0	1	0	1	0	0	1	0	0	2	0	0	0	1	0	0	12	0	2	5	0	1	0	7	0
741	0	0	0	0	0	1	0	2	38	0	0	0	1	0	0	0	0	0	0	0	1	0	0	0	0	0	0	0	0	0	0	0	0
742	0	0	0	1	1	0	0	2	0	0	3	12	0	33	0	1	0	0	0	2	0	0	2	0	0	3	2	1	0	0	0	0	0
743	0	0	0	0	0	0	0	0	0	0	0	2	0	0	0	0	0	0	0	0	0	0	20	23	0	0	0	0	0	0	0	0	0
744	1	28	79	4	4	9	0	0	0	0	1	1	2	43	1	0	0	0	0	0	1	1	0	1	0	0	0	2	0	1	0	0	0
746	0	0	2	0	0	0	0	0	0	0	7	1	0	0	0	0	2	0	3	0	0	1	0	0	0	0	0	0	0	0	0	3	16
747	0	0	0	0	0	0	2	0	0	15	0	0	0	1	4	0	0	0	10	0	0	0	0	0	0	0	0	0	0	0	0	0	0
748	0	0	0	0	0	0	0	0	0	0	0	1	2	0	30	0	0	0	0	0	2	0	0	3	0	0	0	0	0	1	0	0	0
749	0	0	0	0	0	0	0	0	0	0	0	67	0	0	0	0	0	0	0	0	0	0	0	0	0	0	0	0	0	0	0	0	0
75	0	0	1	0	0	0	0	0	0	0	0	1	0	0	0	1883	0	0	0	0	1	0	0	1	0	0	0	0	0	0	0	0	3
750	13	11	0	0	0	0	0	0	0	0	0	0	0	0	5	2	0	0	0	0	5	0	7	17	0	0	0	0	0	5	0	1	0
751	46	18	7	0	5	9	0	1	1	0	3	1	0	2	24	1	5	7	4	0	30	0	3	8	1	0	5	22	2	6	4	1	0
752	1	1	2	2	0	1	2	2	0	2	0	0	0	4	1	1	0	0	0	1	1	1	0	1	0	1	0	1	2	0	0	1	0
753	3	1	1	2	0	2	0	1	1	1	1	0	0	1	1	1	1	0	1	0	2	0	1	1	0	0	0	2	1	1	1	2	1
754	0	11	0	2	8	0	0	3	0	1	33	1	0	0	1	2	0	0	0	0	0	10	0	0	0	0	0	0	1	0	1	1	7
755	0	7	0	0	1	0	3	2	6	3	15	0	0	0	1	0	0	0	0	0	1	0	0	0	3	0	0	1	0	0	0	0	0
756	0	1	0	0	0	0	0	0	0	0	0	0	0	0	0	0	0	3	1	0	0	0	1	25	0	0	1	0	0	0	0	6	0
757	0	3	1	0	0	0	0	1	0	1	0	1	0	0	1	0	1	1	4	0	0	1	0	0	1	0	1	3	0	0	1	5	8
758	0	1	0	0	0	0	4	7	8	0	0	0	0	1	0	0	0	0	0	0	0	0	1	0	1	3	0	0	0	0	0	0	0
759	0	0	3	0	2	23	0	1	44	0	2	3	0	0	0	9	0	1	0	0	0	0	0	1	0	0	0	0	0	0	0	0	0
76	1	1	0	10	0	46	35	3	0	863	4	0	0	1	285	4	248	114	21	0	9	0	350	13	4	189	3	3	0	2	65	44	3
760	0	0	4	0	0	11	0	0	0	0	0	58	0	1	0	0	0	0	0	0	0	0	0	0	0	0	0	0	0	0	0	0	0
761	0	0	12	0	0	0	0	0	0	0	0	68	0	0	0	0	0	0	0	0	0	0	0	0	0	0	0	0	0	0	0	1	0
763	0	0	0	0	57	0	0	0	2	0	0	0	0	0	0	0	0	0	0	0	0	0	0	0	0	0	0	0	0	0	0	0	0
764	0	0	1	0	0	3	0	0	0	0	1	6	0	14	0	8	0	0	1	0	0	0	0	0	0	0	0	0	0	0	0	0	0
765	0	1	0	0	0	2	1	0	12	0	0	0	0	1	18	0	0	0	0	0	0	0	0	0	0	0	0	0	0	0	0	0	0
766	0	0	0	0	0	0	18	0	0	0	0	0	0	0	0	0	0	0	0	0	0	0	0	1	0	0	0	0	0	0	0	0	0
767	0	0	0	0	0	0	0	0	26	0	0	0	0	1	0	0	0	0	0	0	0	0	0	1	0	0	0	0	0	0	0	0	0
769	1	0	0	0	1	0	0	0	0	0	1	0	0	0	0	0	0	0	0	0	56	0	1	0	0	0	0	0	0	0	0	0	0
77	1	0	0	0	0	0	0	0	56	1	0	2	2	0	1	0	0	862	755	0	8	103	0	0	198	0	51	0	215	103	4	46	0
770	0	0	0	0	0	1	0	0	0	1	0	0	0	0	0	0	0	0	0	0	1	1	0	0	1	0	0	38	0	0	0	0	0
772	5	1	7	0	0	1	0	7	0	1	0	0	0	1	0	0	0	0	0	0	0	0	0	0	0	0	0	0	1	1	3	0	0
773	1	6	3	0	0	5	1	1	0	2	0	0	4	0	0	0	2	0	0	0	0	0	3	4	0	0	0	0	0	4	0	0	0
774	1	51	0	0	0	0	0	7	0	0	0	0	1	0	0	0	0	0	0	0	0	0	0	0	0	0	0	0	0	0	0	0	0
775	6	9	0	0	1	0	0	0	0	1	19	0	0	0	3	0	0	0	0	0	0	0	0	0	1	0	1	1	0	0	0	0	0
776	0	37	0	0	1	0	1	8	5	0	2	0	0	0	0	0	0	0	1	0	0	0	0	0	0	0	0	0	0	0	0	0	0
777	0	12	1	0	7	0	0	3	0	1	1	0	0	1	0	3	2	1	12	0	0	1	0	0	0	0	0	2	0	1	0	1	10
778	0	11	0	1	0	1	0	0	0	0	22	0	0	1	0	2	0	0	0	0	0	0	0	0	0	0	3	0	0	0	0	0	1
779	2	17	0	0	7	0	0	3	0	1	16	1	0	3	1	0	0	0	0	0	0	1	0	0	2	0	0	0	0	0	0	0	0
78	173	134	1	1112	108	12	0	41	4	4	16	3	109	83	21	65	2	1	0	0	0	1	1	1	6	1	0	0	0	0	4	1	0
780	0	0	4	0	0	0	0	0	0	0	0	56	0	0	0	0	0	0	0	0	0	0	3	0	0	0	12	0	0	0	0	0	0
781	0	0	1	0	0	0	0	0	0	0	0	44	0	0	0	0	0	0	0	0	0	0	0	0	0	0	0	0	0	0	0	0	0
782	0	0	7	0	0	6	0	0	4	0	0	1	0	1	0	5	0	0	0	27	0	0	0	0	0	0	0	0	0	0	0	0	0
783	0	0	0	0	0	1	0	8	7	0	0	0	0	0	0	0	0	0	0	0	0	0	3	0	0	1	0	0	0	0	0	0	0
784	0	0	0	0	0	0	0	28	0	0	0	0	0	0	0	0	0	0	0	0	0	0	0	0	0	0	0	0	0	0	0	0	0
786	0	0	0	0	0	0	0	0	0	0	0	20	0	13	0	48	0	0	0	0	0	0	0	0	0	0	0	0	0	0	0	0	0
787	0	0	0	0	0	0	0	0	0	0	0	9	0	30	0	0	0	0	0	0	0	0	0	0	0	0	0	0	0	0	0	0	0
788	0	0	0	0	0	0	0	0	0	0	0	0	29	0	0	0	0	0	0	0	0	0	0	0	0	0	0	0	0	0	0	0	0
79	0	0	0	0	0	9	0	0	0	0	0	1	0	1	0	1	0	0	0	0	2351	0	0	0	0	1	1	1	0	0	0	1	0
790	0	1	0	0	0	0	0	0	0	0	0	0	0	0	0	0	0	0	0	0	29	0	0	3	0	0	0	0	0	0	0	0	0
792	0	2	1	0	0	1	0	0	5	0	5	3	0	6	0	8	0	0	0	0	0	0	0	0	0	0	0	0	0	0	0	0	0
793	0	9	0	0	1	1	0	3	1	0	16	1	0	0	1	4	0	0	0	0	0	0	0	0	0	0	2	0	0	0	0	0	0
794	0	1	0	1	0	0	0	11	13	2	1	0	0	0	1	0	0	0	0	0	0	0	0	0	1	0	0	0	0	0	0	0	0
795	0	5	0	0	18	1	0	0	0	0	2	0	1	1	0	0	0	0	0	0	0	4	0	0	0	0	0	0	0	0	0	0	0
796	1	1	1	2	1	0	0	1	0	1	2	2	0	1	3	1	2	0	1	3	0	0	4	2	0	0	0	0	3	0	1	0	2
797	0	0	4	0	0	0	0	0	0	0	0	10	0	28	1	0	0	0	0	0	0	0	0	0	0	0	0	0	0	0	0	0	0
798	1	1	1	0	3	0	0	1	0	0	0	0	0	0	0	1	1	0	0	0	4	1	0	2	0	0	0	3	2	0	1	8	0
8	14	3	1555	4	1	308	0	0	55	1	15	3644	0	3470	5	4	1475	727	407	0	2	3	137	72	352	994	1203	827	6796	25	154	61	2
80	62	77	98	60	21	56	45	81	63	73	73	90	26	88	32	52	9	0	19	24	42	65	52	112	0	19	0	49	36	44	26	51	29
800	0	0	0	0	0	12	0	0	17	0	0	1	2	0	0	0	0	0	0	0	0	0	0	0	0	0	0	0	0	1	0	0	0
801	0	0	1	0	0	2	0	0	33	0	0	0	0	0	0	0	0	0	0	0	0	0	0	0	0	0	0	0	0	0	0	0	0
802	0	0	0	0	0	0	0	0	25	0	0	0	0	0	0	1	0	0	0	0	0	0	0	0	0	0	0	0	0	0	0	0	0
803	0	0	0	0	0	0	0	0	0	1	0	0	0	0	2	0	0	1	27	0	4	0	0	0	1	0	0	1	0	0	0	0	0
806	5	10	0	0	0	0	0	0	1	0	0	0	0	0	3	9	1	0	0	0	1	0	3	0	1	0	0	0	0	0	0	0	0
807	5	5	3	0	0	2	0	3	0	1	0	0	15	1	26	10	0	0	0	1	70	0	0	31	2	3	0	27	45	36	0	0	0
81	276	8	0	0	1	0	0	0	0	1	0	9	0	0	5	1	59	20	30	0	0	40	0	1	2	0	14	0	1	0	89	347	1313
810	1	2	2	0	0	1	1	0	2	1	1	3	0	2	1	0	1	0	2	1	1	0	1	1	0	0	0	2	0	1	2	1	0
812	0	1	0	0	1	0	74	0	1	25	0	0	0	1	10	0	0	1	0	0	0	0	0	0	0	0	1	0	0	0	0	1	0
813	0	0	0	0	0	0	0	0	14	0	0	0	0	0	10	0	0	0	0	0	0	0	18	2	0	7	0	0	0	1	0	0	1
814	0	0	0	0	0	1	0	0	0	0	0	0	21	0	1	0	0	0	0	0	1	0	0	1	0	1	0	0	0	0	0	0	0
817	2	1	4	1	0	4	1	0	3	1	3	4	1	0	1	1	0	0	2	1	0	1	0	1	0	0	0	0	1	1	1	0	1
818	0	2	5	0	0	0	0	0	0	0	0	15	0	21	0	27	0	0	0	0	0	0	0	2	0	0	0	0	0	0	0	0	0
819	0	0	0	0	0	0	0	0	0	0	0	0	23	0	0	0	0	0	0	0	0	0	0	0	0	0	0	0	0	0	0	0	0
82	0	0	26	0	0	45	0	0	0	1	0	562	0	1	0	68	0	0	0	1243	0	0	0	0	0	0	1	0	0	0	14	1	0
820	0	0	0	0	0	0	0	0	0	0	0	0	0	0	36	0	0	0	0	0	0	0	0	0	0	0	0	0	0	0	0	0	0
821	1	4	0	0	0	0	0	0	9	0	0	0	0	1	1	1	0	0	0	0	2	0	0	13	0	0	0	0	0	1	0	0	0
822	1	4	0	0	14	2	0	2	0	1	2	0	0	0	1	1	0	0	0	0	0	0	0	0	1	0	1	0	0	0	0	0	0
823	1	5	0	4	7	0	0	1	0	0	10	0	0	0	0	0	0	1	0	0	1	5	1	1	0	0	0	0	0	0	0	1	0
824	0	3	0	0	0	0	0	1	2	1	3	2	0	5	3	0	0	0	1	0	0	0	0	1	0	0	0	0	0	0	0	0	1
825	0	2	1	0	0	0	0	0	0	0	0	4	10	8	0	7	0	0	0	0	0	0	0	0	0	0	0	0	0	0	0	0	0
826	0	1	0	0	16	2	0	0	0	1	2	0	0	0	1	0	0	0	0	0	0	1	4	0	0	0	0	1	0	0	0	0	0
827	0	1	5	0	0	6	0	0	12	0	0	25	0	1	0	0	0	0	0	0	0	0	0	1	0	0	0	7	0	1	0	0	0
828	0	1	0	1	1	3	0	2	1	0	1	0	0	0	1	2	0	0	1	4	8	0	2	4	2	3	1	0	0	0	0	2	1
829	0	1	0	0	0	0	0	0	7	0	0	0	0	0	6	1	0	0	0	0	4	0	2	0	0	0	0	0	14	4	0	0	0
83	67	81	89	61	18	64	45	74	66	76	76	103	23	90	40	51	20	0	19	32	33	45	59	118	0	17	0	40	38	43	28	38	34
830	0	0	0	0	0	0	0	2	19	0	0	0	21	0	0	0	0	0	0	0	0	0	0	0	3	0	1	0	0	1	0	0	0
831	0	1	1	0	0	0	0	0	21	0	0	2	0	4	0	3	0	0	0	0	0	0	0	0	0	0	0	0	0	0	0	0	0
832	0	1	13	0	0	2	0	0	0	0	2	17	0	18	1	0	0	0	0	0	3	0	0	0	0	0	0	0	0	0	0	0	0
833	0	0	0	0	0	0	0	0	0	0	0	0	25	0	0	0	0	0	0	0	0	0	0	0	0	0	0	0	0	2	0	0	0
834	0	1	0	0	0	0	0	0	0	0	0	0	11	0	0	1	0	0	0	0	28	0	0	1	0	0	0	0	0	1	0	0	0
836	0	0	0	0	0	0	0	0	0	0	0	0	0	0	0	1	0	0	0	0	0	0	20	0	0	0	0	0	0	0	0	0	0
837	0	0	0	0	0	0	0	0	0	0	0	0	0	0	0	0	0	0	0	0	0	0	21	0	0	0	0	0	0	0	0	0	0
838	0	0	0	0	0	0	0	0	0	0	0	0	0	0	0	0	0	0	0	0	0	0	0	0	0	0	80	0	0	0	0	0	0
841	26	15	11	0	5	8	1	0	0	0	1	2	0	3	51	0	2	9	7	0	72	0	9	47	2	0	17	15	3	10	5	1	0
842	2	2	4	1	0	0	2	1	1	1	1	1	1	2	0	0	0	0	0	0	1	2	0	0	0	0	0	0	0	0	0	0	0
843	3	4	1	0	0	0	1	1	0	2	0	1	0	0	1	0	0	0	0	1	0	3	1	3	0	0	0	0	0	0	0	0	0
844	2	2	1	0	1	1	2	3	0	2	0	2	0	4	2	0	0	0	1	0	1	0	0	1	0	0	0	0	0	0	1	2	0
845	0	5	0	0	5	0	0	0	0	0	15	0	0	0	0	1	0	0	0	0	0	0	0	0	0	0	0	0	0	0	0	0	0
846	0	0	2	0	0	2	0	2	14	0	0	1	0	2	0	0	0	0	0	0	0	0	0	0	0	0	0	0	0	0	0	0	0
847	0	0	1	1	5	0	2	11	7	1	1	0	3	0	1	1	0	0	0	0	0	0	2	0	0	0	0	0	0	0	0	0	0
848	0	2	0	0	15	3	0	0	14	0	2	0	0	0	0	2	0	0	0	0	0	0	0	0	0	0	0	0	0	0	0	0	0
849	2	1	0	0	1	2	0	0	21	0	0	0	0	0	0	0	0	0	0	0	1	0	0	1	0	0	0	0	0	1	0	0	0
85	0	1	0	0	0	0	0	0	1807	0	0	1	0	0	0	0	0	0	0	0	0	0	0	0	0	0	0	0	0	0	0	0	0
850	0	0	0	0	0	0	0	0	0	0	0	0	27	0	0	0	0	0	0	0	0	0	0	0	0	0	0	0	0	0	0	0	0
852	0	0	0	0	0	0	0	1	24	2	0	0	0	0	1	0	0	0	0	0	0	0	0	0	0	0	0	0	0	0	0	0	0
853	0	0	0	0	0	0	0	0	1	0	1	0	0	0	0	21	0	0	0	0	0	0	0	0	0	0	0	0	0	0	0	0	0
855	0	0	0	0	0	0	0	0	0	0	0	0	17	0	0	0	0	0	0	0	0	0	0	0	0	0	0	0	0	0	0	0	0
856	0	0	0	0	0	0	0	0	0	0	0	0	0	0	0	24	0	0	0	0	0	0	0	0	0	0	0	0	0	0	0	0	0
857	0	0	0	0	0	0	0	0	0	0	0	0	0	0	0	0	0	1	0	0	1	0	0	0	0	0	0	0	0	0	3	31	0
86	0	1	0	0	0	0	0	0	0	0	9	5	1	0	0	1863	0	0	1	0	0	0	0	1	0	2	2	0	1	0	0	1	1
860	2	1	0	1	2	0	1	0	0	2	6	0	4	0	3	0	0	0	0	0	2	0	0	1	3	0	0	0	1	0	0	0	0
861	0	10	0	0	1	0	0	2	0	0	31	0	2	0	1	3	0	0	1	0	0	0	0	1	0	0	2	0	0	0	0	0	5
862	0	0	8	0	0	3	0	0	0	0	0	0	0	21	0	0	0	0	0	0	0	0	0	0	0	0	0	0	0	0	0	0	0
864	0	0	1	0	0	7	0	1	19	0	0	1	0	2	0	0	1	0	0	0	0	0	0	0	0	1	1	0	0	0	0	1	0
865	0	20	1	0	0	0	0	0	2	0	0	4	0	9	0	10	0	0	1	0	0	0	0	0	0	0	0	0	0	0	0	0	0
866	2	0	2	0	0	3	0	3	664	0	0	1	0	1	8	0	0	0	1	0	18	0	30	2	0	7	0	0	0	0	0	0	0
867	0	0	1	0	0	0	0	0	0	0	0	33	0	0	0	0	0	0	0	0	0	0	0	0	0	0	0	0	0	0	0	0	0
868	0	0	1	0	0	0	0	0	0	0	0	0	24	0	0	0	0	0	0	0	0	0	0	0	0	0	0	0	1	2	0	0	1
869	0	0	0	0	0	0	0	0	0	0	0	0	0	0	0	45	0	0	0	0	0	0	0	0	0	0	0	0	0	0	0	0	0
87	0	0	1	0	0	0	0	1	0	0	0	0	0	0	0	0	0	0	0	0	0	0	0	0	0	0	0	0	0	0	1368	0	0
871	0	0	1	0	0	0	0	0	0	0	0	1	0	0	0	0	0	0	0	0	40	0	0	0	0	0	0	0	0	0	0	0	0
872	0	0	0	0	0	0	0	0	50	0	0	0	0	0	326	0	0	0	0	0	0	0	117	2	0	76	0	0	0	0	0	0	0
873	0	0	0	0	0	0	0	0	0	0	0	0	0	0	0	0	0	0	0	0	0	0	21	0	0	0	0	0	0	0	0	0	0
874	0	4	5	0	0	0	0	0	0	0	22	8	0	6	0	1	0	0	0	0	0	0	0	0	0	0	0	0	0	0	0	0	0
875	0	76	0	0	2	0	0	0	0	1	1	0	0	0	0	0	0	0	0	0	0	0	0	0	0	0	0	0	0	0	0	0	0
876	0	1	0	0	0	0	3	11	0	0	10	0	0	0	0	1	0	0	0	0	0	0	0	0	0	0	1	0	5	0	0	0	1
877	0	4	0	0	2	0	0	0	0	0	4	1	0	2	1	0	0	1	2	0	1	1	0	0	0	0	2	1	0	0	0	2	4
878	0	6	0	0	0	0	4	9	6	0	0	0	4	0	0	0	0	0	1	0	0	3	0	0	1	0	0	1	0	0	0	0	0
88	26	8	269	0	1	759	0	2	223	0	7	13	0	811	3	178	2	5	0	1	5	4	40	25	8	5	4	89	11	4	0	0	0
880	0	0	18	0	0	19	0	0	1	0	0	63	0	44	0	0	0	0	0	0	0	0	0	0	0	0	0	0	0	0	0	0	0
881	30	0	589	0	0	232	0	0	6	0	6	265	0	72	1	7	0	1	0	0	4	0	0	1	0	0	8	0	0	0	0	1	0
882	1	1	0	0	0	1	0	0	0	0	0	5	0	7	0	14	0	0	1	0	0	0	0	0	0	0	0	0	0	0	0	0	0
885	0	3	0	0	0	0	1	1	3	0	0	0	1	0	2	1	0	0	0	0	33	1	0	2	0	0	0	3	0	0	0	0	0
887	0	0	0	0	0	0	0	0	0	0	0	35	0	0	0	0	0	0	0	0	0	0	0	0	0	0	0	0	0	0	0	0	0
888	3	1	2	0	1	0	0	0	2	1	0	1	150	0	0	0	0	1	0	0	0	0	0	4	0	0	0	0	0	5	0	1	0
889	29	0	25	0	0	14	0	0	1	0	0	13	0	15	1	1	0	0	0	0	0	0	10	0	0	7	4	0	0	0	0	0	0
89	3	0	3	1	0	8	0	0	0	1	1	0	0	1	1	0	26	211	2	0	999	92	101	175	18	182	89	65	0	47	1	11	0
892	22	0	1	0	0	0	0	0	0	0	0	0	0	0	0	0	0	0	0	0	0	0	0	0	0	0	0	0	0	0	0	0	0
893	1	2	0	1	1	0	2	8	0	1	8	2	0	0	0	1	0	0	1	0	0	0	0	0	0	0	0	0	0	0	1	0	3
894	4	19	1	0	0	0	0	0	3	0	0	0	0	0	0	1	0	0	0	0	0	0	0	1	0	0	0	0	0	0	0	0	0
895	3	2	0	0	0	0	0	0	16	0	0	0	2	1	0	1	0	0	0	0	0	0	0	0	0	0	0	0	0	1	0	0	0
897	6	2	0	0	1	0	0	1	0	0	1	0	0	0	0	0	0	0	2	0	0	1	0	0	4	0	1	4	0	0	0	0	0
898	0	1	0	0	1	0	0	12	0	0	4	0	0	0	0	0	0	0	0	0	0	0	0	1	0	0	0	0	0	0	0	0	0
899	0	0	2	0	0	7	0	1	13	0	0	1	4	0	0	0	0	0	1	0	0	0	0	1	3	0	0	0	3	9	0	0	0
9	1	6	0	4	0	0	0	3	4	3	3	1	0	1	18	3	0	0	1	0	0	0	9045	8	0	4811	0	1	0	3	0	4	2
90	165	7	0	0	0	1	1	3	472	1	1	2	0	0	236	10	1	1	0	0	104	0	375	402	0	137	3	1	0	2	3	5	1
900	0	0	0	0	0	44	0	0	0	0	0	0	0	0	0	0	0	0	0	0	0	0	0	0	0	0	0	0	0	0	0	0	0
901	0	0	0	0	0	0	2	11	7	0	0	0	0	0	0	0	0	0	0	0	0	0	0	0	0	1	0	0	0	0	0	0	0
902	0	0	0	0	0	0	0	0	0	0	0	0	15	0	0	0	0	0	0	0	0	0	53	0	0	11	0	0	0	0	0	0	0
903	4	2	0	20	6	0	0	2	5	2	2	1	2	1	4	0	0	18	1	0	4	1	0	1	3	0	0	13	0	5	0	0	0
904	0	0	0	0	0	0	0	0	0	0	0	0	0	0	0	0	0	0	0	0	0	0	14	1	0	0	0	0	0	0	0	0	0
907	2	1	1	0	0	2	0	1	0	1	1	5	0	2	2	2	1	1	0	0	0	0	2	3	0	0	0	0	2	0	1	0	1
909	1	0	2	1	0	2	0	0	0	2	2	3	0	2	0	1	0	1	0	0	1	0	1	3	0	0	0	0	2	1	0	1	0
91	1	1	3	0	1	0	0	1	1	0	25	44	0	33	0	19	157	2	22	0	2	1	0	1	0	0	2	0	1	1	1179	322	10
910	18	1	0	0	1	0	0	2	0	0	0	0	0	0	0	0	0	0	0	0	0	0	0	2	1	0	0	0	0	0	0	0	0
911	12	6	0	0	0	0	0	0	1	1	10	0	1	1	3	13	0	0	0	0	0	0	0	0	0	0	0	0	0	0	0	0	0
912	3	2	0	0	1	0	0	1	0	0	2	0	0	0	1	0	0	0	0	0	1	2	0	0	1	0	0	8	0	1	0	0	0
914	0	9	0	0	15	0	0	0	1	0	8	1	0	1	0	0	0	0	0	0	0	1	0	0	1	0	0	2	0	0	0	0	0
916	5	5	4	0	1	347	1	0	1	1	3	7	0	1	131	4	1	11	4	0	35	4	7	25	1	0	13	1	0	7	7	0	0
917	1	7	1	0	0	0	1	1	1	13	3	1	0	1	2	3	4	0	1	0	0	0	0	0	0	0	0	0	0	0	7	3	2
919	0	0	12	0	0	13	0	0	0	0	0	21	0	13	0	1	0	1	0	0	0	0	0	0	0	0	0	0	0	0	0	0	0
92	1	310	178	0	2	399	2	2	25	0	341	201	0	156	0	87	29	0	60	0	0	0	0	0	0	0	0	1	0	0	26	12	9
921	0	0	0	1	13	1	0	2	7	0	0	0	0	0	0	0	0	0	1	0	0	0	1	0	0	1	0	0	0	0	0	0	0
922	1	3	0	0	1	1	0	3	0	0	2	1	0	1	1	12	0	0	0	0	0	0	4	1	0	1	1	0	0	0	1	1	3
923	0	0	0	0	0	0	0	0	22	0	0	0	0	0	0	0	0	0	1	0	0	0	0	0	0	3	0	0	0	0	0	0	0
924	0	0	0	0	0	4	0	0	30	0	0	0	3	1	0	0	0	0	0	0	0	0	0	0	0	0	0	0	0	0	0	0	0
925	0	0	0	0	0	0	0	0	21	0	0	0	0	0	0	0	0	0	0	0	0	0	0	0	0	0	0	0	0	0	0	0	0
926	0	0	0	0	0	0	0	0	14	1	1	0	0	0	1	0	0	0	0	0	0	0	2	1	0	0	0	0	0	0	0	0	0
928	2	1	1	0	1	0	0	0	0	1	0	0	15	6	2	5	0	0	0	0	0	0	0	0	0	0	0	0	0	0	0	0	0
929	0	0	0	0	0	0	0	0	0	0	0	1	0	0	0	0	0	0	0	0	0	0	15	20	0	0	0	0	0	0	0	0	0
93	6	7	6	3	19	4	872	140	46	39	6	1	11	0	20	3	0	12	5	0	11	6	107	63	35	7	61	9	0	5	12	4	6
930	0	0	0	0	0	1	0	0	1	0	0	0	11	5	0	1	0	0	0	0	0	0	0	0	0	0	0	0	0	2	0	0	0
931	0	1	1	0	0	0	2	0	2	2	0	2	0	60	0	0	0	0	0	0	0	0	0	0	0	0	0	1	0	0	0	1	0
932	2	1	1	0	0	6	0	0	0	0	2	4	1	0	155	0	4	5	27	0	90	0	1	9	0	0	28	0	1	1	2	4	0
933	0	0	0	0	0	0	0	0	0	0	0	0	1	0	0	0	0	28	1	0	9	0	0	3	0	0	0	0	0	0	0	0	0
935	5	0	6	4	1	11	0	0	0	5	4	14	0	5	2	3	2	1	0	2	5	0	2	10	0	0	2	0	4	4	2	5	4
936	0	7	0	4	9	0	0	1	0	0	8	0	0	0	0	0	0	0	0	0	1	9	0	0	0	0	0	0	0	0	0	0	0
937	0	3	0	0	0	0	0	0	9	0	5	1	0	0	0	3	0	0	0	0	0	0	0	0	0	0	0	0	0	0	0	0	0
938	0	2	0	0	0	0	1	7	4	0	0	0	1	0	0	0	0	0	1	0	0	0	0	0	0	0	0	0	0	0	0	0	0
939	0	0	13	0	0	0	0	0	0	0	0	16	0	0	0	0	0	0	0	0	0	0	0	0	0	0	0	0	0	0	0	0	0
94	1	678	720	2	48	90	0	22	49	1	6	84	1	135	0	1	7	1	39	2	0	0	0	0	1	0	0	7	1	0	1	1	2
940	1	1	0	20	1	0	0	2	0	0	0	0	0	0	0	0	0	0	1	0	0	0	2	0	0	2	1	0	0	0	0	0	0
941	0	1	0	0	0	1	0	1	29	1	1	0	0	0	1	1	0	0	0	0	0	0	0	2	0	4	0	0	0	0	0	0	0
942	0	0	0	0	0	0	0	1	22	0	0	0	0	0	0	0	0	0	0	0	0	0	0	0	0	0	0	0	0	0	0	0	0
943	0	0	0	0	0	0	0	0	27	0	0	0	0	1	0	1	0	0	0	0	0	0	0	0	0	0	0	0	0	0	0	0	1
944	0	0	0	0	0	0	0	0	0	0	0	0	21	0	0	0	0	51	0	0	2	0	0	1	0	0	0	0	0	1	0	0	0
945	0	0	0	0	0	0	0	0	0	0	0	0	49	0	1	0	0	0	0	0	7	0	1	0	0	0	0	0	0	9	0	0	0
946	0	5	0	0	0	0	0	0	0	5	12	2	0	0	6	0	0	3	176	0	1	80	0	0	73	0	7	66	0	0	0	29	0
947	0	0	0	0	0	0	0	0	0	0	0	0	0	0	0	21	0	0	0	0	0	0	0	0	0	0	0	0	0	0	0	0	0
949	0	0	0	0	0	0	0	0	0	0	0	0	0	0	0	43	0	0	0	0	0	0	0	0	0	0	0	0	0	0	0	0	0
95	1	0	0	0	0	0	17	7	1	0	0	0	1237	0	0	0	1	0	0	0	0	0	0	1	0	0	0	0	0	0	0	0	0
951	0	0	0	0	0	0	0	0	0	0	0	0	0	0	0	0	0	0	0	0	0	0	17	0	0	0	0	0	0	0	0	0	0
952	0	0	0	0	0	0	0	0	0	0	0	0	0	0	0	0	0	0	0	0	0	0	0	0	0	0	0	25	0	0	0	0	0
953	0	0	3	0	1	0	0	0	0	0	0	0	0	11	0	0	0	0	0	0	0	0	0	0	0	18	0	0	0	0	0	0	0
955	3	4	0	0	0	0	0	0	0	0	1	1	0	1	5	7	1	0	0	0	0	0	0	0	0	0	0	0	0	0	0	0	0
957	7	6	1	0	0	0	0	0	0	0	0	0	0	0	0	9	0	0	0	0	0	0	0	0	0	0	0	0	0	0	0	0	0
959	1	21	0	1	11	0	0	5	0	0	0	0	0	0	0	0	0	4	1	0	1	1	0	0	0	0	1	0	0	0	0	0	0
96	0	178	212	0	0	4	0	0	3	0	322	66	0	431	1	238	1	0	0	0	0	0	0	2	0	0	0	0	0	0	8	2	0
961	0	2	0	0	10	0	0	4	0	0	2	1	0	2	1	2	0	0	1	0	0	0	0	0	0	0	0	0	0	0	0	0	0
962	0	2	0	0	0	0	0	1	2	5	10	0	0	1	2	1	0	0	0	0	0	0	0	0	0	0	0	0	0	0	0	0	0
963	1	0	24	0	0	0	0	0	1	0	0	0	0	2	0	0	0	0	0	0	0	0	0	0	0	0	0	5	0	0	0	0	0
964	0	0	1	0	0	4	0	0	13	0	0	2	0	0	0	0	0	0	0	0	0	0	0	0	0	0	0	0	0	0	0	0	0
965	0	0	0	0	1	0	0	8	2	0	0	0	0	0	0	0	0	0	0	0	0	0	0	0	0	0	0	0	0	0	0	0	0
966	0	0	1	0	1	1	0	1	0	0	1	0	1	1	0	1	1	0	0	0	1	0	0	3	0	1	0	0	0	0	0	1	1
968	0	0	0	0	1	0	0	9	9	0	0	0	0	1	0	0	1	0	1	0	0	0	3	0	0	0	0	0	0	0	0	0	0
969	0	3	0	0	0	2	0	0	37	0	0	0	1	0	0	0	0	0	0	0	0	0	1	0	0	1	0	0	0	0	0	0	0
97	1	298	0	6	1102	9	7	46	0	30	139	20	4	0	33	2	0	7	10	1	1	9	0	1	20	1	6	29	1	0	0	3	8
970	0	1	0	0	0	0	0	1	60	0	0	0	0	0	0	0	0	0	0	0	0	0	0	0	0	0	0	0	0	0	0	0	0
971	0	0	0	0	0	0	0	0	18	0	0	0	0	0	0	0	0	0	0	0	0	0	0	0	0	0	0	0	0	0	0	0	0
972	0	0	0	0	0	0	0	0	26	0	1	2	0	0	0	0	0	0	0	0	0	0	0	0	0	0	0	0	0	0	0	0	0
973	0	1	1	0	0	0	0	0	9	1	1	0	0	0	20	0	0	0	0	0	0	0	0	0	0	0	0	0	0	1	0	0	0
974	0	0	5	0	0	0	0	0	0	0	0	33	0	0	0	0	0	0	0	0	0	0	0	0	0	0	0	0	0	0	0	0	0
976	0	0	1	0	0	0	0	0	0	0	0	0	0	0	0	51	0	0	0	0	0	0	0	0	0	0	0	0	0	0	0	0	0
977	0	0	0	0	0	0	0	0	0	0	0	0	0	0	0	21	0	0	0	0	0	0	0	0	0	0	0	0	0	0	0	0	0
98	1	552	6	0	8	0	0	4	0	0	842	7	2	4	1	0	0	1	4	5	0	0	0	1	0	0	0	0	0	0	65	7	3
980	2	0	0	0	0	0	0	0	0	1	2	0	0	0	1	0	0	0	0	0	13	0	5	1	0	0	0	1	0	0	0	0	0
981	4	4	0	0	1	3	0	1	8	1	1	0	0	1	3	0	0	0	1	0	38	0	0	0	1	0	1	3	0	1	0	0	0
982	75	5	4	0	1	32	1	5	253	5	5	2	0	2	65	11	0	7	0	0	97	5	34	399	6	840	3	63	0	58	3	5	7
985	0	0	0	0	0	0	0	0	0	0	0	0	0	0	0	1	0	0	0	0	0	0	18	0	0	0	0	0	0	0	0	0	0
987	6	5	0	0	2	0	0	1	25	0	2	0	7	0	1	7	0	0	0	0	0	0	0	2	0	5	0	0	0	0	0	1	0
988	1	5	4	0	0	8	1	3	0	2	0	0	4	1	0	0	2	1	0	0	0	0	1	2	0	0	0	0	0	2	2	0	2
989	2	0	4	1	0	2	0	3	0	1	1	0	0	1	0	1	0	0	0	0	0	0	0	0	0	0	0	0	0	0	1	0	0
99	2	6	90	0	2	113	0	0	2	0	3	44	0	67	0	85	125	0	1	0	3	0	166	0	3	749	2	0	3	0	8	1	2
990	1	8	0	0	0	0	0	0	0	1	10	1	0	1	0	0	0	0	0	0	0	0	0	0	1	0	0	0	0	0	0	0	0
991	0	1	1	1	16	13	0	0	0	0	14	1	0	1	0	0	0	0	0	1	0	0	0	0	0	0	0	0	0	0	0	0	0
992	0	4	1	0	0	0	0	0	0	0	11	1	0	1	0	1	0	0	0	0	0	0	0	0	0	0	0	0	0	0	0	0	0
993	0	0	1	0	0	4	0	0	15	0	0	2	0	3	0	0	0	0	0	0	0	0	0	0	0	0	0	0	0	0	0	0	0
995	0	0	31	0	0	1	0	0	0	1	0	6	0	0	0	0	0	0	0	0	0	0	1	0	0	0	0	0	0	0	0	0	0
997	0	0	0	0	0	1	0	0	0	0	0	0	0	8	1	0	0	0	0	0	0	0	1	0	0	8	0	0	0	1	0	0	0
999	0	0	0	0	0	0	3	0	0	3	0	0	0	4	0	0	0	0	0	1	0	0	0	0	0	0	0	0	0	0	0	0	0
