Genus	G1CA	G1CB	G1CC	G1IA	G1IB	G1IC	G1P1A	G1P1B	G1P1C	G1P2A	G1P2B	G1P2C	G1SA	G1SC	G1STA	G1STC	G2CA	G2CB	G2CC	G2IA	G2IB	G2IC	G2P1A	G2P1B	G2P1C	G2P2A	G2P2B	G2P2C	G2SA	G2SC	G2STA	G2STB	G2STC	All
Unassigned	1.47	14.6	15.8	1.45	0.488	14.6	0.802	1.68	6.94	5.43	30.4	18.7	0.482	20.6	1.23	36.2	6.59	0.503	2.72	0.337	1.24	0.783	2.86	5.66	0.0742	3.81	0.215	0.766	0.503	0.862	27.8	8.79	5.24	15.9
Pseudomonas	20.1	15.1	29.7	31.9	3.77	20.1	7.59	2.37	5.16	28.2	1.56	19.4	50.2	13.2	21.6	3.83	32.7	44.5	27.8	0.0111	26.2	24.3	9.69	10	25.3	13.2	48.1	16.9	9.19	3.51	10.1	28	8.03	6.9
Acinetobacter	16.9	19.5	7.93	3.24	13.3	29.8	17.5	2.43	5.44	4.69	1.27	5.63	1.54	6	17.7	2.96	22.1	7.04	5.11	0.00742	17.6	13	12.4	25	2.95	2.56	7.44	12.7	2.03	23.4	4.95	2.51	0.0743	3.6
Flavobacterium	0.0258	0.0258	0.2	0	0.0111	2.9	0.0816	0.0259	5.69	0.237	0.052	0.0665	11.5	0.399	15.3	0.949	0.0185	0.0703	0.122	16.4	9.73	0.0297	2.52	0.226	0.0965	3.62	0.0483	0.524	4.93	2.07	0.995	0.048	0.0223	3.6
Massilia	0.0111	0.0111	0.148	0.0557	0.0111	1.11	0.0928	0.0556	2.16	2.45	0	0.174	2.1	0.207	0.111	0.0186	0.0037	0.0037	0.0222	0	0	0.0186	0.189	0.0111	0.572	0.167	0.00372	0	0.181	1.32	0.238	0	0	3.4
Sphingobacterium	11.2	1.1	2.12	0.00742	0.085	6.79	0.289	0.182	9.53	12.8	1.02	1.62	4.8	7.96	1.36	1.27	0.0222	12.7	1.11	0	0.747	9.56	2.79	21.1	0.976	0.508	1.92	0.156	1.2	34.1	0.171	2.47	2.55	3.4
Paenibacillus	0.151	0.0628	1.69	0.00371	0.728	1.21	0.0631	0.333	1.9	1.41	0.0706	0.906	0.0185	0.688	0.483	0.0261	1.5	2.11	0.802	0.0371	0.0148	0.182	0.286	0.0296	0.163	3.23	4.72	0.312	0	0.0111	0.791	10.2	0.0111	2.7
Pedobacter	0.114	0.111	1.07	0.00371	0.0037	0.307	0.00742	0.0111	9.2	0.34	0.0186	4.15	8.45	1.01	1.8	0.104	0	0.0962	0.0148	0	6.26	0	4.3	1.87	0.0408	5.1	0.36	0.0521	0	1.25	0.0149	0.0185	0.00371	2.7
Clostridium_sensu_stricto	0.00369	0.0369	14.7	0	0	1.29	0.0223	0.0815	0.278	0.00739	0.0334	9	0.0185	4.61	0.00738	21.8	0	0	0.0148	4.61	0.00739	0.0111	0.631	0.0148	0.0334	0.0186	0.0149	0.00372	0.0037	0	0.052	0.0111	0.249	2.6
Chryseobacterium	7.83	0.502	0.441	0.0148	0.00739	3.66	1.08	0.445	4.79	0.54	1.65	7.02	0.0556	2.63	1.25	0.0372	0.0074	4.9	6.83	0	0.0924	1.05	2.78	4.14	16.5	15.9	11.8	18.7	18.8	8.03	1.01	0.724	0.0371	2.3
Microbacterium	1.7	1.2	0.355	25.5	7.07	0.637	10.2	45.6	1.22	0.832	0.397	0.0555	0.471	0.392	1.3	0.261	0.0407	0.0814	0.0554	7.29	0.629	0.0854	0.853	0.955	0.393	1.45	0.409	1.24	0.233	0.477	0.0297	0.218	0.171	2.3
Staphylococcus	0.0627	11.8	0.0666	0.33	36	0.703	0.178	0.734	0.0705	0.203	2.92	0.521	0.0556	0.0333	0.295	0.123	0.0259	0.104	0.203	0.0222	0.0444	0.479	0.0223	0.0185	0.148	0.0148	0.0855	0.446	0.0259	0	0.00743	0.0887	0.123	1.7
Brevundimonas	1	5.94	1.33	4.31	2.68	1.02	1.17	2.84	1.82	0.0776	0.119	0.085	8.43	0.551	7.73	1.53	0.111	0.0518	0.129	12.6	11.1	0.753	0.864	10.6	0.946	6.23	0.494	6.94	25.9	17.5	0.594	0.14	0.108	1.6
Stenotrophomonas	1.03	0.76	0.0778	5.25	0.54	0.148	0.026	0.667	0.16	0.0665	0.137	0.0407	1.06	0.769	0.21	0.696	0.662	0.326	0.0111	18.1	1.04	0.104	0.234	1.68	0.278	1.72	0.0855	1.4	0.363	0.359	0.479	0.237	0.0557	1.5
Rhizobium	0.214	0.229	0.0555	0.0148	0.0111	0.226	0.0111	0.0852	3.31	0.0407	0.0929	0.0259	0.0185	0.133	0.207	0.0744	0.0074	0	0.0148	25.6	0.481	0.00371	33.9	0.377	0.0111	24.9	0.00743	0.13	0.0037	0.122	0.00743	0.0296	0.0446	1.4
Devosia	0.137	0.0775	0.0222	0	0.0185	0.237	0	0.0222	10.3	0.0259	0.0557	0.00739	0.16	0.0148	0.122	0.141	0	0	0.0111	0	0.255	0	0.178	0.929	0	1.68	0	0	0	0.0555	0	0.0111	0.0186	1.4
Arthrobacter	23	3.07	0.0666	1.19	3.71	0.0851	53.8	12.3	2.75	9.99	4.45	0.0739	0.66	0.181	9.52	0.0782	0.0185	0.359	0.144	0.0371	1.43	0.75	1.41	0.988	4.39	0.0594	1.61	1.14	0.0185	0.303	0.0743	0.296	0.0631	1.4
Nocardiopsis	0.0221	2.44	0.174	0.00371	0.75	0.122	0	3.93	0.594	0.0037	2.35	0.17	0.026	0.296	0.0185	7.72	0	0.0037	0.037	0	0	0.00371	0	0.0074	0.0223	0	0.0409	0.0112	0	0.0037	0.00371	0.00739	0.252	1.2
Clostridium_XlVa	0.0184	0.00369	0.437	0.00742	0.0037	0.144	0	0.0185	0.00371	0.0185	0.0223	2.46	0.00371	0.111	0.00738	0.625	0.0037	0.0074	0.00739	0	0.0037	0	0.0185	0.0259	0	0.00371	0.223	0.00372	0.0074	0.0111	16.7	0.506	0	1.2
Bacillus	0.0221	0.166	0.107	0.00742	18	0.585	0.0186	0.233	0.853	0.0333	0.721	0.407	0.108	0.074	0.0185	0.0186	0.0074	0.0222	0.0333	0.063	0.0111	0.0148	0.0371	0.0074	0.0297	0.0519	0.178	0.32	0.0037	0	0.0186	0.0296	0.00743	1.1
Lactobacillus	0.0184	0.0849	0.0185	0.00742	0.0185	0.0037	0.0371	0.13	0.0853	0.0111	0.0149	0.0222	0.0111	0.0148	0.0221	0.778	0.0148	0.0037	0.0333	0.0111	0.0111	0.0482	0.0371	0.0333	0.0148	0.026	0	0.0223	0.0222	0.0074	0.00743	0.0148	0.00743	1.1
Janthinobacterium	0.0701	0.0221	0.0074	0.0482	0.0222	0	0.00371	0.115	0.801	0.0591	0	0.0222	0.76	0.0037	0.0443	0	0.0074	13.3	11.9	0	0.155	2.07	0	0	3.01	0	0.843	0	5.77	1.67	2.14	1.02	0.494	1.1
Exiguobacterium	0.797	2.77	0.111	0.787	7.4	0.0666	1.08	1.47	0.434	21.7	1.09	0.24	0.0927	0.074	13.4	0.0261	0.0074	2.37	7.07	0.00371	0.0666	43	2.86	0.207	35.3	0.193	6.61	25.3	0.0111	1.75	0.0111	4.67	0	1.1
Pantoea	0.0553	0.934	0.226	0.00371	0.0998	0.27	0.0519	0.0445	0.163	0.444	0.405	0.196	0.0148	0.266	0.0849	0.197	0.452	0.118	0.24	0	0.133	0.0111	0	0.0037	0.00371	0.59	0.0557	0.0112	0	0	1.98	1.86	0.65	1.1
Enterococcus	0	0.129	0.544	0.00371	0.0333	0.207	0.0148	0.0445	0.0371	0.0037	0.0483	0.884	0	2.22	0.00369	5.75	0.0074	0.0111	0.0185	0.00371	0	0.0631	0.0185	0.0444	0.00371	0.0111	0	0	0.0148	0	1.07	0.0333	50.2	1.0
Brachybacterium	0.48	1.37	0	0.0816	0.436	0.0148	0.0148	0.0778	0.00742	0.211	2.6	0.037	0.148	0.0148	0.232	0	0.0148	0.0148	0.0259	0	0.037	0.122	0.185	0.0074	0.197	0	0.126	0.219	0	0.0037	0.00371	0.0148	0.0111	0.9
Brevibacterium	0.151	0.221	0	0.052	0.991	0.0111	0.00371	0.0371	0.00371	0.0518	0.197	0.0259	0	0	0.0295	0	0.0037	0.037	0.0407	0.00371	0.0148	0.0891	0.0964	0	0.0817	0.00371	0.0186	0.167	0	0.0074	0.00371	0.0148	0.00371	0.9
Methylobacterium	0.0111	0.0738	0.037	0.0482	0.0628	0.0222	0.204	1.57	0.571	0.0148	0.331	0.0148	0.089	0.0222	0.0111	0.0223	0	0.0148	0.0148	0.00742	0.118	0.0111	0.00371	0.0111	0.0148	0	0.0372	0.0298	0.0296	0.0185	0	0.0222	0.0334	0.8
Saccharibacillus	0	0.0111	0.244	0	0	0.126	0.00742	0	0.00742	0.0148	0	1.08	0	4.83	0.00738	0	0	0.0185	0	0	0.0037	0.00742	0	0	0.0854	0	0.052	0.0446	0	0.0074	0.0111	0.144	0	0.8
Sphingomonas	0.00738	0.0221	0.0518	0.00371	0.00739	0.122	3.34	13.4	0.512	0.00739	0.026	0.0333	0.208	0.0444	0.114	0.0223	0	0.0148	0.00739	0	0.211	0.0111	0.00371	0.0037	0	0.00742	0.00743	0.0112	0.0037	0.0111	0.00371	0.0148	0.0186	0.7
Dyadobacter	0	0.00369	0	0	0	0	0	0.0148	0.705	0	0	0	0.338	0	0.00738	0	0	0	0	0	0.0555	0	1.63	0.0777	0	0.104	0	0	0	0.0222	0	0.00739	0	0.6
Novosphingobium	0.00369	0.00738	0	0.0223	0	0.0333	0.0148	0.00741	0.352	0.0037	0.0186	0	0.0185	0.0037	0	0	0	0	0.0037	0	0.00739	0	1.03	0.0037	0	1.88	0	0	0.0037	0.0999	0	0.0037	0	0.5
Aeromicrobium	0.0627	0.122	0.0037	0	0.0111	0.0222	0	0.00371	0.0705	0.0739	0.0223	0.0037	0	0.0037	0.129	0.0521	0.0037	0	0.0037	0	0.148	0.00371	0.0148	0.0037	0.0186	0	0.00372	0.231	0.0037	0.0037	0	0	0	0.5
Serratia	3.35	0.118	0	0.00371	0.0185	0	0.00371	0.0852	0	0.0444	0	0.107	0	0.0037	0.598	0.00744	0.718	0.23	0.447	0	0.0333	0.579	0.00742	0.0148	0.0148	0.00742	0.212	0	0.0037	0	0.958	3.83	15.7	0.5
Lactococcus	0	0.00369	0.0074	0.0148	0.0259	0.0148	0	0.0185	0	0	0.0111	0.222	0	0	0	1.35	0	0	0.00739	0	0.0037	0.00371	0	0	0	0	0	0	0	0	0	1.94	0.0223	0.5
Arcticibacter	0.188	0.0148	11.2	0.0186	0.0037	1.14	0	0	0.204	0.0037	0.0557	14.2	0	17.3	0.0185	0.0149	5.46	2.69	1.51	0	0.00739	0.0111	0.508	0.266	1.32	3.69	4.47	3.25	25.2	0.0925	0.572	0.225	0.00743	0.5
Azospirillum	0	0.0111	0.037	0	0	2.65	0.00371	0.0148	1.14	0	0	0.0148	0	1.2	0	0.00744	0	0	0	0	0	0.00371	0	0.0037	0	0	0	0	0	0	0	0	0	0.4
Achromobacter	0.0148	0.00369	0.0963	0	0	0.0925	0.00371	0.0111	0.289	0	0.00743	0.0185	0.0594	0.0999	0.0111	0.313	0.0037	0.0074	0	0.1	0.0185	0	0.026	0.0074	0.00371	0	0.00743	0	2.7	0.0111	0.0149	0.00739	0	0.4
Corynebacterium	0.00369	0.148	0	0.0111	0.0444	0.0074	0	0.0408	0.00371	0.00739	0.16	0.0037	0	0	0.0111	0.0112	0.0185	0.0222	0.0702	0	0	0.052	0	0.0037	0.00371	0	0.00372	0.00372	0.0111	0.0074	0.00743	0.0111	0.0891	0.4
Streptomyces	0.0553	0.148	0	0.0111	0.107	0.0074	0	0.252	0.0111	0.0037	0.0891	0	0	0.0037	0.0111	0.00744	0	0.0074	0.00739	0.0185	0.0037	0.0111	0.0148	0.0111	0.167	0.026	0.0186	0	0.0037	0.0037	0	0	0.00743	0.4
Roseomonas	0	0.00369	0	0	0	0.0629	0	0.0296	0.0853	0	0	0	0	0.0296	0.00738	0	0	0	0	0	0	0	0.026	0.0111	0	0.0334	0	0	0	0.0037	0	0	0	0.4
Planomicrobium	0.0369	0.00738	0	0.00371	0.0111	0	0.442	2.7	0.00742	7.7	0.0631	0	0.0371	0.0037	0.0369	0	0	0	0.0037	0	0.0037	0	0.816	0.0185	1.18	0.0111	0.00372	0	0	0.0037	0	0	0	0.4
Bosea	0.0369	0.096	0.0259	0.0668	0.0222	0.0037	0	0.0111	0.122	0.0037	0	0	0.0148	0.0037	0	0.00744	0	0	0	0	0.037	0	0	0.0037	0	0	0	0	0.0037	0.0037	0	0	0	0.4
Dietzia	0.00738	0.0295	0.0074	0	0.0037	0	0	0.0259	0	0.0296	0.0891	0	0	0.0111	0.059	0.00744	0	0	0	0	0	0	0.00371	0	0.0111	0.00371	0.0111	0.00372	0.0037	0	0.00371	0.0037	0.00371	0.4
Buttiauxella	0.17	1.95	2.37	0.00371	0.00739	0.0481	0.0148	0.0296	0.0482	0.0037	3.16	1.14	0.0148	4.58	0.0369	10.9	24.2	1.89	8.43	0.00742	0.0481	0.178	0.0519	0.0259	0.304	0	1.06	0.00372	0.074	0.0148	26.4	9.19	14.2	0.4
Bacteroides	0.0221	0.00369	0.0666	0.0408	0.0148	0.0481	0	0.0519	0.0482	0.0296	0.0483	0.0665	0.00742	0.0444	0.059	0.0447	0.0259	0.0185	0.0148	0.0297	0.0111	0.00371	0.0371	0.0777	0	0.0186	0	0	0.0555	0.0407	0.0371	0.0259	0.0223	0.4
Halomonas	0	0	0	0	0	0	0.00742	0	0	0	0	0	0	0	0.0221	0	0.0222	0	0	0	0	0	1.91	0.0074	0	0	0	0	0	0.0037	0.00371	0	0	0.4
Cohnella	0	0.00369	0.0037	0	0	0.0074	0	0	6.96	0	0	0.0037	0	0	0	0	0	0	0	0	0	0	0	0	0	0	0	0	0	0	0	0	0	0.4
Psychrobacter	0	0	0	0	0	0	0.2	0.104	0	0.0554	0	0.0037	0	0	0.0111	0	0.0037	0.0259	0.211	0	0.0148	0.0186	0	0	0.0148	0	0.721	0.0558	0	0	0.0111	0.0037	0.00371	0.4
Cellulomonas	0.00738	0.00738	0.0037	0.00371	0.0037	0.0111	0	0.0111	0.00371	0	0.0149	0.137	0	0.137	0	0.0298	0	0.0037	0.0037	0.00742	0.0222	0	0.0111	0.0037	0	0.0111	0.676	0.00744	0	0	0	0	0	0.4
Asticcacaulis	0	0	0	0	0	0	0	0	0.568	0	0.00743	0	0.00371	0	0.0148	0.0819	0	0	0.0037	0	0	0	0	0.0222	0	0	0	0	0	0	0	0	0	0.4
Yersinia	0.0111	0	0	0.00742	0.0037	0	0.00371	0.0445	0	0.122	0	0.0037	0	0	0.00738	0	0.0148	0.0185	0.00739	0	0	0.00371	0	0.0037	0	0	0	0.00372	0	0.0037	0.275	15.2	0.137	0.4
Georgenia	0	0.0849	0.0037	0	0.0148	0.0037	0	0.0556	0.00371	0	0.156	0.0111	0	0.0037	0	0	0	0	0	0	0	0	0	0.0037	0	0	0.0297	0	0	0	0	0	0	0.4
Sedimentibacter	0	0	1.97	0	0	0	0	0	0	0	0	0.595	0	0.0037	0	0	0	0	0	0	0	0	0	0	0	0	0	0	0	0	0	0	0	0.4
Leucobacter	0.00369	0.0517	0.0185	0	0.0222	0.0407	0	0	0.026	0.0037	0.0483	0.0111	0.0185	0.0999	0.00738	0.0261	0.0037	0.0074	0.0111	0.0408	0.662	0.0111	0	0.0037	0	0.089	0.0111	0.0372	0	0.0333	0	0.0111	0.0297	0.4
Sanguibacter	0.0959	0.0664	0.0185	0	0.0185	0.0148	0	0	0.00742	0.0628	0.1	0.0481	0.182	0.551	0.048	0	0.285	3.64	2.08	0	2.83	0.252	0.215	0.322	0.672	0.646	5.1	5.16	0.0037	0.0037	0.152	0.277	0.234	0.4
Erwinia	0.00369	0.118	0.0148	0	0	0	0	0	0	0.00739	0.171	0.0148	0	0.0111	0	0.0112	0.0037	0.0185	0.0924	0	0.0444	0.052	0	0	0.0223	0	0.0223	0	0	0	0.0186	0.406	0	0.3
Glycomyces	0	0.00738	0.0037	0	0.288	0.0111	0	0.104	0.0111	0	0.00371	0	0	0	0	0.0149	0	0	0	0	0	0	0	0	0	0	0.00372	0	0	0	0	0.0037	0	0.3
Phenylobacterium	0.0258	0.0886	0	0	0	0.0111	0	0	0.382	0	0	0	0.0148	0	0.0111	0.0335	0	0	0.0037	0	0	0	0.1	0.0037	0	0.0111	0	0	0	0.0074	0	0.0037	0	0.3
Streptophyta	0	0.00369	0.0037	0.0111	0.048	0.0037	0.0223	0.137	0.0334	0.00739	0.0631	0.0037	0.0148	0.0037	0.0111	0.00372	0	0	0	0	0.0037	0	0.0111	0	0	0.00371	0	0	0	0	0.00371	0.0037	0.0186	0.3
Raoultella	0	0.00738	0.0148	0	0.00739	0	0	0.00741	0	0	0.0111	0.0185	0	0.0555	0.00369	0.0596	0.0851	0.0925	0.0222	0	0.0037	0.00371	0	0.0037	0	0	0.00372	0	0	0	0.691	0.787	0.126	0.3
Sphingopyxis	0.0184	0.0406	0.0074	0	0	0.0148	0	0.0259	0.694	0.0037	0.00371	0	0.223	0.0074	0.0111	0.0484	0	0	0	0	0	0	0.00742	0	0	0	0	0	0	0.0037	0	0	0	0.3
Saccharibacteria_genera_incertae_sedis	0	0	0	0	0	0	0	0	0	0	0	0	0	0	0	0.00372	0	0	0	0	0	0	0.145	0.0111	0	0	0	0.093	0	0	0	0	0	0.3
Kocuria	0.00369	0.0923	0.0037	0.0111	0.0517	0.0037	0.0186	0.167	0	0.0185	0.0409	0.0037	0	0.0037	0.00738	0.0112	0.0074	0.0185	0.0702	0.00371	0.00739	0.00742	0.00371	0.0074	0.212	0.00371	0.0409	0.0186	0	0.0037	0.00371	0.0222	0.0668	0.3
Herbaspirillum	0	0.0111	0.0481	0	0	0	0	0	0.0185	0	0	0.0037	0	0.252	0.00369	0.0484	0	0	0	0	0	0	0	0	0	0	0	0	0	0.0037	0	0	0	0.3
Ochrobactrum	0.875	0.0886	0.0333	0.00742	0.0259	0.385	0.104	0.604	1.03	0.0111	0.0594	0.0444	0.0297	0.0111	0.0406	0.0298	0.0074	0	0.0037	0.0222	0.0333	0	0.0334	0.0148	0.00742	0.089	0	0.00744	0.0074	0.0444	0.00743	0.0185	0.0297	0.3
Paracoccus	0.00738	0.0369	0.0074	0.00742	0.0259	0.0037	0.0186	0.0445	0.0519	0.0185	0.0743	0.0222	0	0.0111	0.0849	0.0149	0	0	0	0	0.0148	0	0.0779	0.0074	0.0148	0.00371	0.00372	0.00372	0	0	0	0	0.0111	0.3
Variovorax	0	0.00738	0.0037	0	0	0.0037	0	0	0.0594	0.0037	0.00371	0	0.0779	0	0.0996	0.00372	0	0	0	0	0.0185	0	0.00742	0.0037	0	0.00371	0	0	0.0518	0.0185	0	0	0	0.3
Comamonas	0	0	0.0037	0	0	1.6	0	0.00371	0	0	0.00371	0.00739	0	0	0	0	0.0074	0	0.0296	0	0	0.226	0.0371	1.84	0	0.126	0.0966	0	0	0.0074	0	0.00739	0	0.3
Delftia	0.0996	0.0295	1.56	0	0.0037	4.9	0	0.0111	1.78	0	0.0297	0.181	0	4.6	0.0258	0.7	0.322	0.0259	0	0.00371	0.0407	0.0186	1.32	0.122	0.0408	0.408	0.0149	0.368	0.137	0.0777	0.0371	0	0	0.3
Deinococcus	0	0.00369	0	0.00371	0.0185	0	0.33	0.741	0.108	0.0185	0	0	0	0	0	0	0	0	0.0185	0	0.0037	0	0.0111	0.0148	0.174	0.304	0	0.0893	0	0.0074	0	0	0.00743	0.3
Caulobacter	0	0.00369	0	0	0	0.0111	0.00371	0	0.286	0	0	0	0	0.0074	0.0701	0	0	0	0	0	0.0037	0	0	0	0	0	0	0	0.218	0	0	0	0	0.3
Cellulosilyticum	0	0	0.0148	0	0	0	0	0	0	0	0	0.0148	0	0	0	0	0	0	0	0	0	0	0.249	0.163	0	0	0	0	0	0	0	0	0	0.3
Blautia	0.0184	0.00369	0.037	0.0186	0.0037	0.0333	0	0	0.0148	0.0185	0.0371	0.0555	0.00742	0.0333	0.0148	0.0186	0.0074	0.0111	0.00739	0.0111	0.0111	0	0.026	0.0481	0	0.00371	0	0.00372	0.0148	0.0222	0.0149	0.0148	0.0111	0.3
Luteolibacter	0.00369	0.00369	0	0	0	0	0	0	0.241	0	0	0	0	0	0.0111	0.00372	0	0	0	0	0	0	0	0.0037	0	0	0	0	0	0	0	0	0	0.2
Rothia	0	0.0775	0.0296	0	0.0037	0	0	0.00371	0	0.00739	0.0371	0.0111	0.0185	0	0.00738	0.00744	0.0074	0.0148	0.0702	0	0	0.00742	0.00371	0	0.0111	0	0.00372	0.0186	0	0	0.026	0.0554	0.108	0.2
Luteimonas	0.0332	0.0221	0	0	0	0	0	0.0148	0.00742	0.0259	0.0706	0	0.0185	0.0111	0.122	0.0149	0	0	0	0	0.00739	0	0.0148	0.0074	0	0.00371	0	0	0	0	0	0	0	0.2
Clostridium_XlVb	0.00738	0	0.341	0	0	0.0037	0	0.0185	0.00742	0	0	1.59	0	0	0	0	0	0	0	0	0	0	0	0	0	0.00371	0.00372	0	0	0	0	0	0	0.2
Knoellia	0.00738	0.0148	0	0.104	0.00739	0	0	0.0148	0.00371	0.0037	0.00371	0	0.00371	0	0	0	0	0	0.0037	0	0	0	0.0148	0	0.0148	0.0148	0.00372	0.00372	0	0	0	0	0	0.2
Pelagibacterium	0.00369	0.0111	0	0.00371	0.111	0.0111	0	0.00741	0.00371	0.0185	0.0186	0.0037	0.00371	0	0.0111	0.0223	0	0	0	0	0.00739	0	0.0148	0	0	0.00371	0	0	0	0	0	0.00739	0	0.2
Pelosinus	0	0	0.126	0	0	0.0037	0	0	0	0.0037	0	0.037	0	0.0333	0	0	3.62	1.87	0	0	0	0	0.0148	0.0037	0	0	0.502	0	0	0.0037	0.212	0.0037	0	0.2
Nesterenkonia	0	0.00738	0	0.00371	0.0185	0	0	0.00741	0	0.00739	0.026	0	0	0	0.00738	0	0	0	0	0	0.0037	0.00371	0.0148	0	0.0186	0	0.00372	0	0	0	0	0	0	0.2
Aminobacter	0.00738	0.00738	0	0	0.0037	0.0074	0	0	0.126	0	0.00371	0	0	0	0	0	0	0	0.0037	0	0.0037	0	0	0.0037	0	0	0	0	0	0.0037	0	0	0	0.2
Nocardia	7.27	1.47	0.641	24.9	1.43	1.25	0.594	1.1	3.54	0.0481	0.0371	0.336	0.0556	1.42	1.1	0.283	0.0222	0.0444	0.085	0.0185	0.0776	0.0297	0.189	2.91	0.115	0.278	0.0966	0.312	0.285	0.185	0.0557	0.085	0.0743	0.2
Cereibacter	0.0111	0.00738	0	0	0	0	0	0.0111	0.0223	0.0037	0	0.0037	0	0.0074	0.00369	0	0	0	0	0	0.902	0	4.41	7.47	0.00371	0.0519	0.00372	0	0	0	0.00371	0	0.00371	0.2
Chlorophyta	0.00738	0.0185	0	0	0.0037	0	0.00371	0.00371	0	0	0.0223	0	0	0	0.00369	0.0112	0.0037	0.0037	0.0185	0	0	0.00371	0.0185	0	0.0297	0.00371	0	0.00744	0	0	0.0334	0.0259	0.141	0.2
Mycobacterium	0.0111	0.0332	0.0037	0	0.00739	0.0074	0	0.119	0.0111	0	0.00743	0.00739	0	0.0037	0.00738	0.0447	0	0	0	0	0	0	0.0185	0.0037	0	0.00742	0.00743	0	0	0	0.00371	0.0037	0.0111	0.2
Citrobacter	0	0.00738	0.0111	0	0	0	0	0	0	0	0.0149	0	0	0.0037	0.00369	0.0782	0.181	0	0	0	0	0	0	0	0	0	0.00743	0	0	0	0.65	0.48	0.00371	0.2
Sphingobium	0.00738	0.00738	0.0185	0	0	0.118	0.0111	0.119	0.0482	0.0037	0.00743	0.0037	6.16	0.0037	0.0332	0	0.0037	0.0037	0.0037	0	15.7	0.00371	3.84	0.818	0.0148	5.05	0.0111	0.0298	0.396	0.0925	0	0.00739	0	0.2
Citricoccus	0.00738	0.0369	0	0.00742	0.0185	0.0111	0.00742	0.00371	0.0556	0.0111	0.115	0	0.026	0	0.0111	0	0	0	0.0037	0	0.0111	0.00742	0	0.0037	0.0186	0	0	0.00372	0.0037	0	0	0	0	0.2
Shinella	0.059	0.0185	0.0148	0	0	0.0111	0	0	0.156	0.00739	0	0	0.0111	0	0.0221	0.00372	0	0	0	0	0.0037	0	0.00742	0.0111	0	0.289	0	0	0	0	0	0.0037	0	0.2
Micrococcus	0.00738	0.118	0.0074	0	0.0037	0	0	0.00741	0	0	0	0	0	0.0037	0	0	0	0.0074	0.00739	0	0.0037	0	0	0	0	0	0.00372	0.0186	0	0	0	0	0.00371	0.2
Sporomusa	0	0.00369	0.0296	0	0	0.0074	0	0	0	0	0	0.174	0	0	0	0	0	0	0	0	0	0	0	0	0	0.00371	0	0	0	0	0	0	0	0.2
Desulfosporosinus	0	0.00369	0.0185	0	0	0	0	0.00371	0.00371	0	0	0.384	0	0	0	0	0	0	0	0	0	0.00371	0.601	0	0	0	0.0446	0	0	0	0	0	0	0.2
Turicibacter	0	0	0	0	0	0.0037	0.00742	0.0482	0.0408	0	0	0	0	0	0	0	0	0	0	0	0	0	0.0148	0	0	0.00742	0	0	0	0	0	0	0	0.2
Rheinheimera	0	0	0	0	0	0	0	0	0	0	0	0	0.0556	0	0	0	0	0	0	0	0	0	0.319	0	0	0.0408	0	0	0	0	0.137	0.0037	0	0.2
Trichococcus	0.00369	0.0258	0	0	0	0	0	0.00371	0.00371	0	5.92	0.303	0	0	0.00369	0	0	0.0074	0.103	0	0.0037	0.0668	0	0	0	0	0.00372	0	0	0	0.0149	0.942	0.234	0.2
Faecalibacterium	0.048	0.00369	0.0592	0.052	0.0148	0.0481	0	0	0	0.0665	0.078	0.0924	0	0.074	0.0332	0.0261	0.0222	0.0185	0.0037	0.0185	0.0185	0	0.0482	0.0703	0	0	0.00743	0	0.037	0.0481	0.0149	0.0406	0.0186	0.2
Pseudoxanthomonas	0	0.00738	0.0037	0	0	0.0037	0	0	0.234	0	0.0223	0.0148	0	0.0222	0	0.0298	0	0	0	0	0.0037	0	0	0	0	0	0	0	0	0	0	0	0	0.2
Anaerospora	0	0	0.0778	0	0	0.0666	0	0	0	0	0	0.122	0	0.0962	0	0.00372	0	0.0037	0.0037	0	0	0	0	0	0	0	0	0	0	0	0	0	0	0.2
Escherichia/Shigella	0.00369	0.0148	0.115	0	0	0.0259	0	0.0556	0.0556	0.0111	0.0706	1.12	0	0.0851	0.00369	0.119	0.0148	0	0.0111	0	0.0148	0.00742	0.00742	0.0185	0	0.00371	0.00372	0.00372	0	0	0.0371	0.0259	0.00371	0.2
Aquabacterium	0	0	0	0	0	0	0	0.00371	0.13	0	0	0	0	0	0	0	0	0	0	0	0	0	0	0	0	0	0	0	0	0	0	0	0	0.2
Planococcus	0.0922	0.0185	0	0.0705	0.0296	0	0.0928	0.163	0.0185	0.721	0.156	0	0.312	0	0.103	0	0	0	0.0037	0	0.0148	0.00371	0.282	0.0074	0.868	0	0.0111	0.00744	0	0	0	0	0	0.2
Rhodococcus	0.314	0.162	0.037	0.0297	0.00739	0.0296	0.0297	0.0741	0.111	0.211	0.0966	0.0148	0.0185	0.0555	0.565	0.0112	0.0037	0.0518	0.0222	0	0.255	0.00742	0.145	0.751	0.0148	0.126	0.238	0.305	0.207	0.0851	0.0186	0.085	0.0408	0.2
Jonesia	0	0.0295	0.0111	0	0	0	0	0	0	0	0.0297	0.226	0	0.0111	0	0	0	0.0037	0	0	0.0813	0.00371	0	0.0333	0.00742	0	0.0223	0	0	0.0037	0	0.0037	0	0.2
Jeotgalicoccus	0.00369	0.0295	0	0.0297	0.0296	0.0037	0	0.00741	0.00371	0	0.0557	0	0	0	0	0	0	0.0037	0	0	0.0037	0.0334	0.00371	0.0037	0	0	0	0	0	0	0	0.0037	0	0.2
Dermacoccus	0.0332	0.0406	0.0407	0	0.00739	0	0	0	0	0	0	0.0037	0.00371	0.0074	0	0	0.037	0.0296	1.65	0	0	0.00742	0	0	0.0223	0	0.00372	0.0595	0	0.0111	0.0223	0.00739	0.0186	0.2
Pusillimonas	0	0	0.0111	0	0.00739	0.0851	0	0.00371	0.163	0	0.00743	0.0111	0	0	0	0.0335	0	0.0037	0	0	0	0	0	0.0037	0	0	0	0	0	0	0	0	0	0.1
Anaerosporobacter	0	0	0.0037	0	0	0	0	0	0	0	0	3.3	0	0	0	0	0	0	0	0	0	0	0	0.0037	0	0	0	0	0	0	0	0	0	0.1
Romboutsia	0	0.00369	0	0	0	0	0.0223	0.163	0.0482	0	0	0	0.0111	0.0037	0.00369	0	0	0.0037	0.0037	0	0.0037	0	0.0297	0	0.00742	0.0297	0	0.00372	0	0	0	0	0	0.1
Pseudorhodoferax	0	0	0	0	0	0	0	0	0.0371	0	0	0	0	0	0.00369	0	0	0	0	0	0	0	0.00371	0	0	0.00742	0	0	0	0	0	0	0	0.1
Reyranella	0	0.00738	0	0	0	0	0.00371	0	0	0	0.0186	0	0.0371	0	0.0111	0	0	0	0.0037	0	0	0	0.0111	0	0	0	0	0	0	0	0	0	0	0.1
Anaerosalibacter	0	0.0111	0	0	0	0	0.00371	0.00741	0.0111	0	0	0	0	0	0	0	0	0	0	0	0	0.00371	0	0	0	0	0	0	0	0	0	0	0	0.1
Anaerovorax	0	0.00369	0.0407	0	0	0.0037	0	0	0	0	0	0.0924	0	0	0	0	0	0	0	0	0	0	0	0	0	0	0	0	0	0	0	0	0	0.1
Ruminococcus2	0.00738	0	0.0148	0	0	0.0074	0	0	0	0.0037	0.00371	0.0222	0	0.0111	0.00738	0.00372	0.0037	0	0	0	0.0037	0	0.00371	0.0111	0	0	0	0	0	0	0.00371	0.00739	0	0.1
Ancylobacter	0	0	0	0	0	0.0037	0	0	0.0111	0	0.00371	0	0.0111	0	0.00369	0	0	0	0	0	0.0296	0	0.167	0.0185	0	0.126	0	0	0	0	0	0	0	0.1
Rickettsia	0	0	0	0	0.0037	0	0	0.0222	0.0111	0	0	0	0	0	0	0	0	0	0	0	0	0	0	0	0.00371	0.00371	0	0	0	0	0	0	0	0.1
Ruminococcus	0.00369	0	0	0	0	0	0	0.0148	0	0	0	0	0	0	0	0	0	0	0	0	0	0	0.00371	0.0037	0	0	0	0	0	0	0	0	0	0.1
Salinicoccus	0	0.00369	0	0.0148	0.0148	0	0	0.00371	0	0.00739	0.0111	0	0.00371	0	0	0	0	0	0	0	0	0.0408	0	0	0	0	0	0	0	0	0	0	0	0.1
Taibaiella	0	0	0	0	0	0	0	0	0	0	0	0	0	0	0	0.00372	0	0	0	0	0	0	0.0742	0	0	0	0	0	0	0	0	0	0	0.1
Terribacillus	0	0.0812	0	0	0.196	0.0037	0	0	0.00371	0	0.0631	0.0037	0	0.0185	0	0.00744	0	0	0	0	0	0	0	0	0	0	0	0	0	0	0	0	0	0.1
Advenella	0	0	0	0	0.00739	0	0.00742	0	0	0.0111	0	0	0	0.0074	0.00738	0	0	0	0	14.2	0	0	0	0.0037	0	0	0	0	0.0037	0.0037	0	0	0	0.1
Aeromonas	0	0	0	0	0	0	0	0.0111	0	0	0	0	0	0	0	0	0	0	0	0	0	0	0	0.0037	0	0	0.0669	0	0	0	0	0	0	0.1
Aerococcus	0.00369	2.04	0.0222	0	0.0296	0	0	0.0148	0	0	3.13	0.0259	0.00742	0.0148	0.00369	0	0	0.0037	0.0148	0.0185	0	0	0	0.0037	0	0	0	0	0	0	0.241	0.0259	0.0111	0.1
Thermomonas	0	0	0	0	0.0037	0	0	0	0.0556	0	0.00743	0	0	0	0	0.00372	0	0	0	0	0	0	0	0	0	0	0	0	0	0	0	0	0	0.1
Xenophilus	0.00738	0.00738	0	0	0	0	0	0	0.597	0	0	0.0037	0.00371	0	0	0	0	0	0	0	0	0	0.0185	0	0	0	0	0	0	0	0	0	0	0.1
Zhihengliuella	0.0111	0.0111	0	0.00371	0.0037	0	0.0148	0.00371	0	0.0591	0.0297	0	0	0	0.0111	0	0	0.0037	0	0	0	0	0.00371	0	0	0	0.0111	0.00744	0.0037	0.0111	0	0	0	0.1
Vitellibacter	0	0	0	0	0	0	0	0	0	0	0	0	0	0	0	0	0	0	0	0	0	0	0.0371	0	0	0	0	0	0	0	0	0	0	0.1
Acidovorax	0	0.00738	0.0222	0	0	0.0037	0	0.0111	0.108	0	0.0186	0.0148	0.156	0.0111	0.00369	0.00744	0.0037	0.0148	0.0148	0	0.0222	0.104	0.00742	0.226	0.0779	0.00371	0.026	0	0	0.599	0.00371	0	0.0334	0.1
Vasilyevaea	0	0	0	0	0	0	0	0	0.00742	0	0	0.0037	0	0	0	0.00372	0	0	0	0	0.0296	0	0.111	0.0037	0	0.1	0	0	0	0	0	0	0	0.1
Agromyces	0.114	0.0111	0	0.0334	0.0296	0.0074	0.00371	0.00371	0.0223	0	0	0	0	0.0037	0.0185	0.0149	0.0037	0	0	0.0927	0.0481	0	0.0111	0.0629	0	0.00371	0.00743	0.00372	0	0.189	0	0.0037	0	0.1
Singulisphaera	0	0	0	0	0	0	0	0	0	0	0	0	0.126	0	0	0	0	0	0	0	0	0	0	0	0	0	0	0	0	0	0	0	0	0.1
Solibacillus	0	0	0	0	0.0259	0	0	0	0	0	0.00371	0	0	0.0185	0	0	0	0	0	0	0	0	0	0	0	0	0	0	0	0	0	0	0	0.1
Alkanindiges	0.059	0.0111	0.0074	0	0.0037	0.0222	0	0	1.22	0.0037	0.00743	0.0037	0	0.0074	0.0295	0.0112	0	0	0	0	0	0	0	0.0037	0.0408	0	0	0.26	0	0.322	0	0.0037	0	0.1
Altererythrobacter	0	0	0	0	0	0	0	0	0.0408	0	0.00371	0	0	0	0	0	0	0	0	0	0	0	0	0	0	0	0	0	0	0	0	0	0	0.1
Allobaculum	0	0.0111	0	0	0	0	0.00371	0.00371	0.00742	0	0	0	0	0	0	0	0	0	0.00739	0	0	0.00371	0	0	0	0.00371	0	0.00372	0	0	0	0	0	0.1
Alkalibaculum	0	0.00369	0	0	0	0	0	0	0	0	0	0.0037	0	0	0	0	0	0	0	0	0	0	0.842	0	0	0	0	0	0	0	0	0	0	0.1
Sphingosinicella	0	0.00369	0	0	0	0	0	0	0	0	0	0	0	0	0	0	0	0	0	0	0.0037	0	0.0223	0	0	0.0186	0	0	0	0	0	0	0	0.1
Sporosarcina	0	0.0111	0	0	0.0037	0	0	0	0	0	0.026	0.0037	0	0	0	0	0	0	0	0	0	0	0	0	0	0	0	0	0	0	0	0	0	0.1
Sphingorhabdus	0	0.0185	0	0	0	0	0	0.00741	0.00742	0	0	0	0.00742	0	0	0	0	0	0	0	0	0.00371	0	0	0	0	0	0.00372	0	0	0	0	0	0.1
Algoriphagus	0	0	0	0	0	0	0	0	0.185	0	0	0	0	0	1.2	0	0	0	0	0	0	0	0.434	0.0074	0	0.282	0	0	0	0	0	0	0	0.1
Akkermansia	0	0.0221	0	0	0	0	0.0186	0.0778	0.0705	0	0	0	0.00371	0.0037	0	0	0.0037	0	0.0296	0.00371	0	0.0148	0.00742	0	0.0148	0.0148	0	0.0149	0	0	0	0	0	0.1
Kaistia	0	0	0	0	0.0037	0	0	0	0.134	0	0	0.0037	0	0	0	0	0	0	0.0037	0	0.0037	0	0.427	0.2	0	0.445	0	0	0	0.0925	0	0	0	0.1
Klebsiella	0	0.00738	0.037	0	0	0	0	0	0	0	0	0	0	0.0111	0	0.0447	0	0	0	0	0	0	0	0	0	0	0	0	0	0	0	0	0	0.1
Jeotgalibacillus	0.00369	0.00369	0	0	0	0	0	0.0222	0	0	0.0111	0	0	0	0	0	0	0	0	0	0	0	0	0	0	0	0	0.00372	0	0	0	0	0	0.1
Herminiimonas	0	0.00369	0	0	0	0	0	0	0	0	0	0	0.0408	0	0	0.00372	0	0	0	0	0.104	0	0	0.0037	0	0	0	0	0	0.0037	0	0	0	0.1
Curtobacterium	0.0148	0.00738	0	0.0742	0.0222	0	0	0.00741	0.0185	0.00739	0.00743	0.0037	0.00742	0.0037	0.0148	0	0	0.0666	0.0037	0	0.0148	0.00371	0	0.0037	0.0111	0	0	0.0484	0	0.0185	0	0	0	0.1
Clostridium_XI	0	0	0	0	0	0	0	0	0	0	0	0.0333	0	0.111	0	0	0	0	0	0	0	0	0	0	0	0	0	0	0	0	0	0	0	0.1
Lysinibacillus	0	0	0.0148	0	0.00739	0.0185	0	0	0.0111	0	0.00371	0.0037	0	0.0703	0	0	0	0	0	0	0	0	0	0	0	0	0	0	0	0	0	0	0	0.1
Mesorhizobium	0.00369	0.0185	0.0037	0.026	0.00739	0.0037	0.026	0.359	0.237	0	0	0.0037	0.00371	0	0.0148	0	0	0	0.0037	0.00742	0.0037	0	0.026	0.0555	0	0.0334	0	0	0	0	0	0.0037	0	0.1
Luteococcus	0	0	0	0	0	0	0	0	0	0	0	0	0	0	0	0	0	0.0407	0	0.0964	0	0	0	0	0.0297	0	0.249	0.067	0	0	0	0	0	0.1
Legionella	0	0.00738	0	0	0	0	0	0.0111	0	0	0.0223	0	0	0	0	0	0	0	0	0	0	0	0	0	0	0	0	0	0	0	0	0	0	0.1
Clostridium_IV	0	0	0.0074	0.00371	0	0.0111	0	0	0	0.0111	0.00371	0.0185	0	0.0037	0.00369	0.00372	0	0	0	0	0.0037	0	0	0.0074	0	0	0	0	0	0.0037	0	0	0	0.1
Herbiconiux	0	0.00738	0	0.0148	0.0037	0.0185	0	0	0.364	0.0037	0.00743	0.0037	0.00371	0	0.00369	0.00372	0	0	0.0037	0	0.436	0	0.145	0.0814	0	0.43	0.00372	0	0	0.0037	0	0.0037	0	0.1
Epilithonimonas	0.00369	0.00369	0	0	0	0	0	0	0	0.00739	0	0	0	0	0.00369	0	0	0.0037	0	0	0	0	0	0.0555	0	0	0	0	0	0.707	0	0	0	0.1
Domibacillus	0	0.0258	0	0	0.0037	0	0.0111	0.00741	0.0223	0.0111	0.0557	0	0	0	0.00369	0	0	0	0	0	0.0037	0	0	0	0.0111	0	0	0.00372	0	0	0	0	0	0.1
Duganella	0	0	0	0.00371	0	0	0	0	0	0	0	0	0.119	0	0	0	0	0	0	0	0	0	0	0	0	0	0	0	0	0	0	0	0	0.1
Empedobacter	0.0812	0	0.0037	0	0	0	0	0	0	0	0	0	0	0	0	0	0	0	0	0	0	0	0	0	0	0	0	0	0	0	0	0	0	0.1
Enhydrobacter	0.00369	2.5	2.67	0.00742	0.177	0.333	0	0.0815	0.182	0.0037	0.0223	0.311	0.00371	0.499	0	0.00372	0.0259	0.0037	0.144	0.00742	0	0	0	0	0.00371	0	0	0.026	0.0037	0	0.00371	0.0037	0.00743	0.1
Desulfovibrio	0	0.00738	0	0	0	0	0.00371	0.0259	0.0148	0	0	0	0.00371	0	0	0	0	0	0.0037	0	0	0	0	0	0	0	0	0	0	0	0	0	0	0.1
Desemzia	0.00369	6.6	0.0333	0	0.0554	0	0	0.0222	0.0148	0.00739	20.5	0.214	0	0.455	0.00369	0	0	0.0037	0.0924	0.171	0	0.00742	0	0.0037	0.00371	0	0.0372	0	0.0037	0	0	0.0037	0	0.1
Helicobacter	0.00738	0.00369	0.0037	0	0	0.0074	0	0.00371	0	0.0037	0.00371	0.0185	0	0.0074	0.00738	0.00744	0.0037	0.0037	0	0	0	0	0.00742	0.0111	0	0	0	0	0.0074	0	0.00371	0	0.00371	0.1
Geodermatophilus	0	0	0.0037	0	0	0	0.0482	0.237	0.0185	0	0	0	0	0	0	0	0	0	0	0	0	0	0.00371	0	0	0	0	0	0	0	0	0	0	0.1
Fictibacillus	0	0	0	0	0.0037	0	0	0.0296	0.00742	0	0	0	0	0	0	0	0	0	0	0	0	0	0	0	0	0	0	0	0	0	0	0	0	0.1
Galbibacter	0	0.0185	0	0	0.0185	0	0	0	0	0	0.0557	0	0	0	0	0.00372	0	0	0	0	0	0	0	0	0	0	0	0	0	0	0	0	0	0.1
Chryseomicrobium	0	0.00369	0	0.00371	0	0	0	0.0408	0.0482	0.00739	0.00371	0	0	0	0.00369	0	0	0	0	0	0	0	0	0	0.00371	0	0	0	0	0	0	0	0	0.1
Plantibacter	0.00369	0.00369	0.0037	0.0445	0.0037	0	0.026	0.0222	0.3	0.0591	0.00371	0	0.1	0.0037	0.0517	0	0.0037	0	0	0.00371	0.0259	0.0111	0.0148	0.0333	0.00742	0.0334	0.0111	0.00744	1.26	0.122	0.0111	0.0111	0.00371	0.1
Porphyrobacter	0.00369	0.00369	0.0074	0	0.0148	0.0259	0	0	0.0334	0	0.00371	0	0.0445	0	0	0	0	0	0	0	0.0037	0	0.00371	0	0	0	0	0	0	0	0	0	0	0.1
Blastomonas	0	0	0	0	0	0.0074	0	0	0.0185	0	0.00371	0	0	0	0.00369	0	0	0	0	0	0.0259	0	0.0111	0	0	0.0111	0	0	0	0	0	0	0	0.1
Pigmentiphaga	0	0	0	0	0	0.0037	0	0	0	0	0	0	0.00742	0	0	0	0	0	0	0	0	0	0.00371	0	0	0.0148	0	0	0.0111	0	0	0	0	0.1
Planococcaceae_incertae_sedis	0	0.00369	0	0	0.451	0.0074	0	0.00741	0.0185	0.181	0.026	0	0	0.0037	0.0111	0	0	0	0	0	0	0	0	0	0.00371	0	0	0.0558	0	0	0	0	0	0.1
Promicromonospora	0	0.00369	0	0	0.0739	0	0	0	0	0	0	0	0	0	0	0	0	0	0	0	0	0	0	0	0	0	0	0	0	0	0	0	0	0.1
Pseudoflavonifractor	0.00738	0	0.0037	0.00742	0	0	0	0	0	0.0037	0.0111	0.00739	0	0.0037	0.00369	0.00372	0.0037	0.0037	0	0	0.00739	0	0.00371	0.0037	0	0	0	0	0.0037	0.0037	0	0.0037	0	0.1
Barnesiella	0	0.00369	0	0	0	0	0	0.00371	0.026	0	0	0	0	0	0	0	0.0037	0	0	0.00371	0	0	0	0	0	0	0	0	0	0	0	0	0	0.1
Pseudoclavibacter	0	0.00369	0	0.0111	0.00739	0	0.00371	0.0259	0.00742	0.159	0.00371	0	0.00371	0.0074	0.0554	0.00744	0	0.0148	0.0037	0.026	0.355	0.0186	0.0111	0.0111	0.026	0.00742	0.0594	0.112	0.0037	0.0222	0.00371	0.0185	0.0223	0.1
Propionibacterium	0.00369	0.0591	0	0.00371	0.0037	0	0.0148	0.0741	0.0445	0.0037	0.00743	0	0.00371	0	0.00369	0.00372	0	0.0148	0.0444	0.00742	0.0037	0	0.0111	0	0.00371	0.0186	0.0111	0	0.0037	0	0.00371	0.0037	0.0149	0.1
Propionicimonas	0	0	0	0	0	0	0	0	0	0	0	0	0	0	0	0	0	0	0	0	0	0	0.0519	0.0074	0	0	0	0	0	0	0	0	0	0.1
Peredibacter	0	0	0	0	0	0	0	0	0.193	0	0	0	0.0223	0	0	0	0	0	0	0	0	0	0	0	0	0	0	0	0	0	0	0	0	0.1
Nocardioides	0	0.00369	0	0	0	0	0	0.0185	0.0482	0	0	0	0	0	0.469	0.0372	0	0	0	0	0	0	0	0	0	0	0.00372	0.0149	0	0	0	0	0	0.1
Nubsella	0	0	0	0	0	0	0	0	0	0	0	0	0	0	0	0	0	0	0	0	0	0	0.00742	0	0	0.0408	0	0	0.0111	0	0	0	0	0.1
Myxococcus	0.00738	0.0111	0.0074	0	0	0	0	0	0	0	0	0	0	0.0037	0	0.0186	0	0	0	0	0	0	0	0	0	0	0	0	0	0	0	0	0.00371	0.1
Moheibacter	0.0111	0.0111	0	0	0	0	0	0	0.631	0	0	0.0037	0	0	0	0.00372	0	0	0	0	0	0	0	0	0	0	0	0	0	0	0	0	0	0.1
Mucilaginibacter	0	0	0	0	0	0.0592	0	0	0.193	0	0	0	0	0	0	0.00372	0	0	0	0	0	0	0	0	0	0	0	0	0	0	0	0	0	0.1
Cellulosimicrobium	0	0.00738	0	0	0.037	0	0	0.0148	0	0	0.00743	0.0037	0	0.0074	0.00369	0.00744	0	0	0.0037	0	0	0	0	0	0	0	0	0	0	0	0	0	0	0.1
Pectobacterium	0	0	0	0	0.0037	0	0	0	0	0	0	0.954	0	0	0	0	0	0	0	0	0	0	0	0	0	0	0.0372	0	0	0	0	0	0	0.1
Bradyrhizobium	0.00738	0.00738	0.0074	0.00742	0	0	0.0408	0.504	0.0223	0.0037	0.026	0.0037	0.026	0.0037	0	0.00744	0	0.0037	0	0	0	0.00742	0	0	0	0	0	0	0	0	0	0	0	0.1
Parasutterella	0	0.0111	0	0	0	0	0.00371	0.0111	0.00742	0	0	0	0.00371	0	0	0	0	0	0	0	0	0.0111	0	0	0.00371	0	0	0.00372	0	0	0	0	0	0.1
Carnobacterium	0.00738	0.417	0.215	0.0111	0.0185	0	0	0.00741	0.0148	0.159	12.5	0.473	0	0.473	0.292	0	0.511	0.218	20	0	0.0222	1.55	0	0	2.85	0	0.483	1.7	0	0.0037	0.0111	4.04	0.00743	0.1
Parapedobacter	0	0	0	0	0	0	0	0	0.00371	0	0.00371	0	0	0	0	0.0782	0	0	0	0	0	0	0	0	0	0	0	0	0	0	0	0	0	0.1
