CC	PC	SC	MeanDecreaseAccuracy	MeanDecreaseGini
Dietzia	0.0219166666666667	0.00791666666666667	0.0065	0.0105821428571429	0.277535287261758
Nocardia	0.0189166666666667	0.0128333333333333	-0.00141666666666667	0.00909880952380953	0.407951682304624
Mycobacterium	0.0140833333333333	0.00666666666666667	0.004	0.00815119047619048	0.18178961757197
Clostridium_XlVa	0.0129166666666667	-0.00101666666666667	0.00141666666666667	0.00420198412698413	0.311120145867205
Blautia	0.00616666666666667	0.00211666666666667	0.0211666666666667	0.00841706349206349	0.266749287966935
Sphingobium	0.00608333333333333	0.0075	-0.00383333333333333	0.00261428571428571	0.17164322572852
Planomicrobium	0.00583333333333333	0.0115833333333333	0.00158333333333333	0.00619484126984127	0.243923176170235
Shinella	0.00558333333333333	0.00933333333333333	-0.00133333333333333	0.00496309523809524	0.181009470268294
Rhodococcus	0.005	0.00333333333333333	-0.000333333333333333	0.00219325396825397	0.136835517750224
Massilia	0.00483333333333333	-0.00205	-0.003	0.000163888888888889	0.157575402701873
Arthrobacter	0.00425	0.00283333333333333	0.002	0.00338452380952381	0.165544911950794
Knoellia	0.00408333333333333	0.0134166666666667	0.00266666666666667	0.00569642857142857	0.244790621796504
Chryseobacterium	0.00358333333333333	0.002	-0.00516666666666667	0.000114285714285714	0.1548419766508
Rhizobium	0.00308333333333333	0.00333333333333333	-0.001	0.00120079365079365	0.1072857234269
Roseomonas	0.00283333333333333	0.00383333333333333	0	0.00231071428571429	0.0927741676624029
Paracoccus	0.00271666666666667	0.0131666666666667	0.002	0.00473333333333333	0.168339309383427
Cereibacter	0.00233333333333333	0.00875	-0.001	0.00297142857142857	0.150115181876947
Brachybacterium	0.00208333333333333	7e-04	0.0045	0.00140833333333333	0.155354879434291
Planococcaceae_incertae_sedis	0.002	0.000333333333333333	0	0.000452380952380952	0.0318878301437125
Acinetobacter	0.00175	0.00025	0.0025	0.00104642857142857	0.106406916612799
Ochrobactrum	0.00158333333333333	-0.0015	-0.002	-0.000407142857142857	0.0449887785417197
Micrococcus	0.0015	-5e-04	-5e-04	-3.01587301587301e-05	0.0292944953739071
Faecalibacterium	0.0015	-0.00108333333333333	0.00116666666666667	0.000123809523809524	0.126352119775649
Erwinia	0.00141666666666667	0	-0.000666666666666667	0.000273809523809524	0.0816633216456746
Delftia	0.00133333333333333	-0.00125	-0.00216666666666667	-0.000795238095238095	0.113729106514401
Novosphingobium	0.00133333333333333	5e-04	-5e-04	0.000603571428571429	0.0536648077412783
Microbacterium	0.00116666666666667	0.007	0.000416666666666667	0.00220595238095238	0.143750674815381
Psychrobacter	0.00116666666666667	-0.000666666666666667	0.002	0.000728571428571429	0.0450926436308789
Chlorophyta	0.00116666666666667	-0.00133333333333333	0.00283333333333333	0.000555952380952381	0.081083874295639
Alkanindiges	0.001	-0.00116666666666667	-0.000666666666666667	-0.000266666666666667	0.0337525311290017
Plantibacter	0.001	0.003	-0.00291666666666667	0.000841666666666667	0.106956323088676
Phenylobacterium	0.00075	0	-0.000666666666666667	2.38095238095238e-05	0.0324580031080031
Desemzia	0.000666666666666667	0	0	1.38888888888889e-05	0.0328815155432803
Paenibacillus	0.000666666666666667	5.55111512312578e-20	0.00266666666666667	0.00125833333333333	0.078445093142152
Bacillus	0.000666666666666667	0.000833333333333333	0.00333333333333333	0.00180793650793651	0.0695649497561262
Lactococcus	0.000666666666666667	0.000166666666666667	-0.001	0.000160714285714286	0.0482079289991055
Corynebacterium	0.000583333333333333	0.01575	0.011	0.00781468253968254	0.270991579335697
Pelosinus	0.000533333333333333	-0.000333333333333333	0	-4.76190476190476e-05	0.0178532679738562
Rheinheimera	5e-04	0	-0.000666666666666667	-0.000142857142857143	0.0139051948051948
Streptophyta	5e-04	-0.001	5e-04	0.000233333333333333	0.027556698203757
Glycomyces	5e-04	0	-0.000333333333333333	0	0.0109419080919081
Kocuria	5e-04	0.00183333333333333	0.000666666666666667	0.000666666666666667	0.047787479840421
Trichococcus	5e-04	0.0035	0.00116666666666667	0.0011047619047619	0.0750455436720142
Zhihengliuella	5e-04	0	-0.00025	0.000125	0.0213836771072065
Helicobacter	5e-04	-0.000166666666666667	-0.00125	-0.000327380952380952	0.0276319667260844
Pigmentiphaga	5e-04	0	-5e-04	0.000107142857142857	0.00678095238095238
Staphylococcus	0.000333333333333333	-0.001	0.000166666666666667	-2.61904761904762e-05	0.0561487205604853
Herbiconiux	0.000333333333333333	-0.000333333333333333	-0.001	-0.000166666666666667	0.0227659578983108
Methylobacterium	0.000333333333333333	-0.00175	0.002	-0.000393253968253968	0.105524834642482
Leucobacter	0.00025	-0.001	-0.000333333333333333	-0.00050952380952381	0.0388957431457432
Bacteroides	0.000166666666666667	5e-04	0.00641666666666667	0.00120833333333333	0.131387851037851
Propionibacterium	0.000166666666666667	-0.000833333333333333	-0.00025	-0.000428571428571429	0.0227481325863679
Aeromicrobium	0.000166666666666667	0.00233333333333333	0	0.000797619047619048	0.043027057256469
Pantoea	1.11022302462516e-19	-0.000666666666666667	-0.000916666666666667	-0.000775	0.0749445920092979
Georgenia	0	-0.000333333333333333	0	-0.000142857142857143	0.0128010558069382
Cohnella	0	0	0	0	0.00119047619047619
Asticcacaulis	0	-0.000333333333333333	0	-2e-04	0.00326666666666667
Bosea	0	-0.00025	0.001	0.000333333333333333	0.0203983660130719
Saccharibacteria_genera_incertae_sedis	0	0.001	0.000666666666666667	0.00045	0.0272403586609469
Sedimentibacter	0	0	0	0	0
Sphingopyxis	0	0	0	0	0.00491111111111111
Herbaspirillum	0	0	0	0	0.0125419913419913
Variovorax	0	0.000333333333333333	0.001	0.000467857142857143	0.0230660669395964
Mesorhizobium	0	0.000833333333333333	-0.00166666666666667	-0.000135714285714286	0.0285353914059796
Luteolibacter	0	0	0	0	0.0143438522262052
Pelagibacterium	0	-0.001	0.001	0.000159523809523809	0.0200770308123249
Cellulosilyticum	0	0	0	0	0.00737380952380952
Algoriphagus	0	0.00116666666666667	0	0.00050952380952381	0.0172543201896143
Caulobacter	0	0	0	0	0.00861666666666667
Clostridium_XlVb	0	0.000333333333333333	0	2e-04	0.00668095238095238
Sporomusa	0	0	0	0	0.00166666666666667
Peredibacter	0	0	0	0	0
Aminobacter	0	0	0	0	0.00496241830065359
Mucilaginibacter	0	0	0	0	0.00991452991452992
Singulisphaera	0	0	0	0	0
Nesterenkonia	0	-0.000333333333333333	0.000333333333333333	0	0.0182003447532859
Turicibacter	0	0	0	0	0.0013
Kaistia	0	0.000833333333333333	-5e-04	5.95238095238095e-05	0.0316311025575731
Aquabacterium	0	0	0	0	0
Pseudoxanthomonas	0	0	5e-04	0.00025	0.0122545454545455
Anaerospora	0	0	0	0	0.0117685843568197
Anaerovorax	0	0	0	0	0
Pusillimonas	0	0	-5e-04	-0.000142857142857143	0.00304761904761905
Salinicoccus	0	0	0	0	0
Ruminococcus	0	0	0	0	0.0132031746031746
Rickettsia	0	0.000583333333333333	0.001	0.000476190476190476	0.0498229776759189
Reyranella	0	0	-0.00025	-0.000111111111111111	0.001
Blastomonas	0	0	0	0	0.00328571428571429
Taibaiella	0	0	0	0	0
Terribacillus	0	0	0	0	0
Aeromonas	0	0	0	0	0.0116519931049343
Xenophilus	0	0	0	0	0.00271428571428571
Vitellibacter	0	0	0	0	0
Thermomonas	0	0	0	0	0
Vasilyevaea	0	0	0	0	0.0212369875222816
Agromyces	0	0.00133333333333333	-0.000166666666666667	0.000452380952380952	0.0297735294117647
Solibacillus	0	0	0	0	0
Altererythrobacter	0	0	0	0	0
Anaerosporobacter	0	0	0	0	0.00320168067226891
Anaerosalibacter	0	0	0	0	0.00514285714285714
Sphingosinicella	0	0	0	0	0.00271428571428571
Sporosarcina	0	0	0	0	0
Sphingorhabdus	0	0	0	0	0.00903643578643579
Alkalibaculum	0	0	0	0	0
Larkinella	0	0	0	0	0.00166666666666667
Legionella	0	0	0	0	0
Desulfovibrio	0	0	0	0	0.00321428571428571
Klebsiella	0	0	0	0	0
Domibacillus	0	0	0	0	0.00230588235294118
Moheibacter	0	0	0	0	0
Lysobacter	0	0	0	0	0.00166666666666667
Lysinibacillus	0	0	0	0	0
Gp16	0	5e-04	0	2e-04	0.00723492063492063
Epilithonimonas	0	0	0	0	0.0055
Geodermatophilus	0	0	0	0	0
Fictibacillus	0	0	0	0	0
Galbibacter	0	0	0	0	0
Jeotgalibacillus	0	0	0	0	0.00344444444444444
Duganella	0	0	0	0	0
Empedobacter	0	0	0	0	0
Herminiimonas	0	0	-0.000666666666666667	-0.000285714285714286	0.0110753246753247
Promicromonospora	0	0	0	0	0
Camelimonas	0	0	0.000333333333333333	0.000166666666666667	0.0401217214158391
Pseudorhodoferax	0	0	0	0	0.00487605042016807
Propionicimonas	0	0	0	0	0.00819047619047619
Pseudoclavibacter	0	0	0	-0.000380952380952381	0.036250076394194
Nubsella	0	0	0	0	0.0119133533133533
Nocardioides	0	0.000333333333333333	0	0.000166666666666667	0.0086452380952381
Myxococcus	0	0	0	0	0.0028
Clostridium_XI	0	0	0	0	0
Chryseomicrobium	0	0	0	0	0.00147619047619048
Cellulosimicrobium	0	0	0	0	0.00144444444444444
Pectobacterium	0	0	0	0	0
Parapedobacter	0	0	0	0	0.00171428571428571
Parasutterella	0	0	0	0	0.00533333333333333
Jonesia	-8.33333333333333e-05	0	0	9.88095238095238e-05	0.0440574144809439
Lactobacillus	-0.000166666666666667	0.000333333333333333	-0.001	-0.000464285714285714	0.0899464016375781
Bradyrhizobium	-0.000166666666666667	0	0	3.33333333333334e-05	0.0123269841269841
Flavobacterium	-0.000166666666666667	0.00025	-0.002	-0.000305555555555556	0.0544982475041299
Achromobacter	-0.00025	-5e-04	-0.001	-0.000357142857142857	0.0404128593628594
Citrobacter	-3e-04	-0.00125	-0.00075	-0.00064047619047619	0.0564233655233655
Acidovorax	-0.000333333333333333	-0.00045	0	-0.000333333333333333	0.0209175510763746
Barnesiella	-0.000333333333333333	0	0	-0.000142857142857143	0.0257192343604108
Porphyrobacter	-0.000333333333333333	0	0	-0.000142857142857143	0.0067959595959596
Clostridium_IV	-0.000333333333333333	0.000333333333333333	0	-8.88888888888889e-05	0.00890669036845507
Sphingobacterium	-0.000416666666666667	-0.00133333333333333	-0.000666666666666667	-0.000613095238095238	0.0595298603357427
Jeotgalicoccus	-0.000416666666666667	-0.00025	0	-0.000228571428571429	0.0160242424242424
Azospirillum	-5e-04	-0.00025	0	-0.000285714285714286	0.0105417295123177
Luteimonas	-5e-04	-0.00133333333333333	0	-0.000757142857142857	0.0188605035487388
Yersinia	-5e-04	0.001	0.00308333333333333	0.000628571428571429	0.117792078509726
Dermacoccus	-5e-04	0.000916666666666667	-0.000833333333333333	-0.000269444444444444	0.0668814789785378
Citricoccus	-5e-04	-0.00153333333333333	-5e-04	-0.000931746031746032	0.0293211951447246
Arcticibacter	-0.000583333333333333	0.001	-0.000166666666666667	0.00031547619047619	0.123504090680561
Luteococcus	-0.000583333333333333	0	0	-0.000222222222222222	0.022154290807232
Stenotrophomonas	-0.000666666666666667	-0.000133333333333333	0.000333333333333333	-0.000141269841269841	0.0488239394592336
Sphingomonas	-0.000666666666666667	-0.00133333333333333	-0.001	-0.000966666666666667	0.0238297258297258
Enterococcus	-0.000666666666666667	-0.00025	0.000666666666666667	9.16666666666667e-05	0.0838354851031322
Ancylobacter	-0.000833333333333333	0.00366666666666667	0.00333333333333333	0.00161904761904762	0.0541889012947836
Allobaculum	-0.000833333333333333	-5e-04	0	-6e-04	0.010871897710133
Pseudomonas	-0.000916666666666666	-0.000666666666666667	-0.00233333333333333	-0.000366666666666667	0.13219342193754
Brevundimonas	-0.001	0.001	0.000166666666666667	0.000214285714285714	0.11512957369428
Brevibacterium	-0.001	-0.00075	0.0015	0.000226190476190476	0.0620059205500382
Halomonas	-0.001	0	-5e-04	-4e-04	0.0137984126984127
Aerococcus	-0.001	0.00116666666666667	0.00191666666666667	0.000686507936507936	0.0489504074357016
Streptomyces	-0.00133333333333333	0.00336666666666667	0.002	0.00128730158730159	0.127579568797216
Desulfosporosinus	-0.00133333333333333	0	0.00208333333333333	2e-04	0.0385599309187544
Curtobacterium	-0.00133333333333333	-0.00133333333333333	-0.002	-0.00167619047619048	0.0273481792717087
Pseudoflavonifractor	-0.00133333333333333	0.001	-5e-04	-0.000592857142857143	0.0300943722943723
Planococcus	-0.00133333333333333	0.00683333333333333	0.008	0.00429166666666667	0.17929038118744
Janthinobacterium	-0.00141666666666667	0.000916666666666667	0.0035	0.000689285714285714	0.114042309977604
Dyadobacter	-0.0015	0.00108333333333333	-0.00116666666666667	-0.000283333333333333	0.0792529689264983
Ruminococcus2	-0.0015	-0.00133333333333333	0	-0.000752380952380952	0.0175642857142857
Unassigned	-0.00158333333333333	0	-0.000666666666666667	-0.000955952380952381	0.0863451362363127
Comamonas	-0.00183333333333333	-0.000583333333333333	0.00166666666666667	-0.000233333333333333	0.0744294881588999
Advenella	-0.00186666666666667	0.00633333333333333	0.00666666666666667	0.00312261904761905	0.156864323258441
Raoultella	-0.00191666666666667	0.000666666666666667	0.00125	-0.000401587301587302	0.0982381314763668
Enhydrobacter	-0.002	-0.0015	-0.00316666666666667	-0.00226666666666667	0.0667022435081259
Escherichia/Shigella	-0.00216666666666667	-0.0047	0.000333333333333333	-0.0016	0.055670362643892
Nocardiopsis	-0.00233333333333333	0	0.00183333333333333	-0.000421428571428571	0.0713010176098411
Rothia	-0.00241666666666667	5e-04	-0.000916666666666667	-0.00101746031746032	0.0512987861811391
Devosia	-0.0025	-0.000833333333333333	-0.00166666666666667	-0.001375	0.0651727187844835
Saccharibacillus	-0.0025	0.000833333333333333	0.000833333333333333	-3.33333333333334e-05	0.0353129171482113
Sanguibacter	-0.00258333333333333	0.000633333333333333	0.00233333333333333	-0.000723809523809524	0.148193579296521
Buttiauxella	-0.00266666666666667	0.0025	-0.0015	-0.000651190476190476	0.104085865441748
Carnobacterium	-0.00266666666666667	-5e-04	-0.00166666666666667	-0.00145	0.0950503088414853
Deinococcus	-0.00275	0.00783333333333333	0.0015	0.00134047619047619	0.196124530371589
Akkermansia	-0.00275	-0.000833333333333333	0.0015	-0.00101269841269841	0.057702560837855
Exiguobacterium	-0.00308333333333333	0.004	-0.000666666666666667	0.000388095238095238	0.104673286517404
Romboutsia	-0.00308333333333333	0.000833333333333333	0.002	2.5e-05	0.0812931356225474
Pedobacter	-0.00308333333333333	0.00708333333333333	0.00116666666666667	0.00174126984126984	0.148301785469433
Serratia	-0.00366666666666667	5e-04	0.00166666666666667	0.000303571428571429	0.168069378334084
Clostridium_sensu_stricto	-0.00383333333333333	0.0015	-5.55111512312578e-20	-0.000590476190476191	0.0860011246923012
Cellulomonas	-0.00506666666666667	0.00075	0.00516666666666667	0.000175	0.148283180544945
