Genus	G1CA	G1CB	G1CC	G1IA	G1IB	G1IC	G1P1A	G1P1B	G1P1C	G1P2A	G1P2B	G1P2C	G1SA	G1SC	G1STA	G1STC	G2CA	G2CB	G2CC	G2IA	G2IB	G2IC	G2P1A	G2P1B	G2P1C	G2P2A	G2P2B	G2P2C	G2SA	G2SC	G2STA	G2STB	G2STC
Achromobacter	7	2	37	0	0	25	2	7	173	0	7	8	37	48	6	171	1	2	0	61	10	0	17	3	3	0	5	0	1284	4	8	3	1
Acidovorax	0	3	8	0	0	1	0	8	61	0	5	1	98	1	0	0	0	1	0	0	11	0	0	7	0	0	0	0	0	0	0	0	0
Acinetobacter	10405	11284	3654	2501	7224	8580	11615	1568	3301	3060	756	2833	1207	3236	11006	1719	11233	3957	3409	9	11086	9250	8025	12884	2276	1688	5383	7992	1136	9904	3079	1550	55
Advenella	0	0	0	0	3	0	6	0	0	6	0	0	0	3	4	0	0	0	0	8629	0	0	0	0	0	0	0	0	2	1	1	0	1
Aerococcus	1	1066	9	1	16	0	1	10	1	0	1782	12	4	7	2	1	0	1	7	12	0	1	0	1	0	0	0	0	0	0	132	13	7
Aeromicrobium	33	63	1	1	5	6	0	3	43	36	14	1	0	1	66	29	1	0	1	0	76	3	9	2	11	1	3	128	1	1	0	0	0
Aeromonas	0	0	0	0	0	0	1	6	0	0	0	0	0	0	0	0	0	0	0	0	0	0	0	1	0	0	36	0	0	0	0	0	0
Agromyces	61	5	0	19	14	2	2	2	14	0	0	0	1	1	9	8	1	0	0	57	25	0	7	30	0	2	4	2	0	76	0	1	0
Akkermansia	0	11	0	0	0	0	11	50	43	0	1	0	2	1	0	1	1	0	16	2	0	9	5	0	8	10	0	8	0	0	1	0	0
Algoriphagus	0	0	0	0	0	0	0	0	142	0	1	0	0	0	653	0	0	0	0	0	0	0	273	4	0	178	0	0	0	0	0	0	0
Alkalibaculum	0	1	0	0	0	0	0	0	0	0	0	2	0	0	0	0	0	0	0	0	0	0	529	0	0	0	0	0	0	0	0	0	0
Alkanindiges	139	22	17	1	9	22	21	31	903	4	9	2	0	34	415	7	1	0	2	0	1	1	0	3	246	0	0	253	0	240	0	1	6
Allobaculum	0	6	0	0	0	0	3	2	5	0	0	0	1	0	0	0	0	0	4	0	0	3	0	0	0	3	0	3	0	0	0	0	0
Altererythrobacter	0	0	0	0	0	0	1	1	24	0	2	0	0	0	0	0	0	0	0	0	0	0	0	0	0	0	0	0	0	0	0	0	0
Aminobacter	2	2	0	1	2	2	0	1	75	0	3	0	0	0	0	1	0	0	1	0	1	0	0	1	1	0	0	0	0	1	0	0	0
Anaerosalibacter	0	5	0	0	0	0	3	4	6	0	0	0	1	0	0	0	0	0	0	0	0	2	0	0	1	1	0	1	0	0	0	0	0
Anaerospora	0	0	30	0	0	18	0	0	0	0	0	54	0	46	0	3	0	1	1	0	0	0	0	0	0	0	1	0	0	0	0	0	0
Anaerosporobacter	0	0	1	0	0	0	0	0	1	0	1	1456	1	0	0	0	0	0	0	0	0	0	0	1	0	0	0	0	0	0	0	0	0
Anaerovorax	0	1	16	0	0	1	0	0	1	0	0	40	0	0	0	0	0	0	0	0	0	0	0	0	0	0	0	0	0	0	0	0	0
Ancylobacter	0	0	0	0	0	1	0	0	6	0	2	0	6	0	1	1	0	0	0	0	16	0	104	9	0	79	1	0	0	0	0	0	0
Aquabacterium	0	0	0	0	0	0	0	3	79	0	0	0	1	0	0	0	0	0	0	0	0	0	0	0	0	0	0	0	0	0	0	0	0
Arcticibacter	102	7	4332	11	1	325	0	0	123	2	34	6302	1	8504	11	9	2416	1092	780	1	3	6	319	130	804	2294	2488	1760	12257	37	320	113	4
Arthrobacter	12319	1625	26	922	1976	23	34831	8054	1650	11526	2576	34	461	84	5796	54	120	403	377	176	738	510	961	466	2855	356	2529	1851	193	1794	59	159	56
Asticcacaulis	0	0	0	1	0	0	1	0	341	0	4	0	4	0	7	45	0	0	1	0	0	1	1	10	0	0	0	0	0	0	0	0	1
Azospirillum	0	4	13	0	0	717	2	8	687	0	0	6	0	566	0	5	0	0	0	0	0	2	0	1	2	0	0	1	0	0	0	0	0
Bacillus	9	80	51	5	8330	154	12	150	531	17	476	204	67	37	7	16	4	8	17	38	4	13	25	3	8	34	99	179	1	1	13	15	8
Bacteroides	11	2	26	25	6	13	2	34	30	15	28	28	5	20	31	25	10	7	6	19	6	2	22	36	1	11	1	1	27	16	23	13	13
Barnesiella	0	1	0	0	0	0	1	3	16	0	0	0	0	0	0	0	1	0	0	2	0	0	0	0	0	0	0	1	0	0	0	0	0
Blastomonas	0	0	0	0	0	2	0	1	11	0	2	0	0	0	1	0	0	0	0	0	13	0	6	0	0	6	0	0	0	0	0	0	0
Blautia	9	2	15	12	2	9	1	0	10	8	20	24	4	14	6	10	4	4	3	8	5	1	16	23	0	3	1	3	7	9	9	7	7
Bosea	18	47	9	41	12	1	1	9	74	1	3	0	9	1	0	7	0	0	0	0	19	1	1	1	1	0	0	1	1	1	0	0	0
Brachybacterium	257	720	0	52	226	4	12	52	8	106	1480	16	92	7	123	1	6	5	11	1	16	73	118	3	122	1	75	123	0	1	3	7	10
Bradyrhizobium	4	3	3	5	0	0	27	326	14	2	15	2	16	1	0	4	0	1	0	0	0	4	1	0	1	1	1	0	0	0	0	0	1
Brevibacterium	76	114	0	35	511	3	2	26	3	23	115	12	3	0	13	0	1	15	17	2	4	56	64	0	53	2	13	94	0	3	5	5	3
Brevundimonas	551	3122	508	2603	1395	280	771	1830	1105	38	71	36	5217	258	4192	839	47	21	65	7720	5884	442	601	5084	576	4081	276	3769	12312	7156	327	70	64
Buttiauxella	89	1019	904	3	5	13	9	20	28	1	1809	528	10	2161	20	5879	11051	769	4399	6	32	103	33	12	184	2	590	3	35	8	14270	4586	8206
Camelimonas	2	2	0	0	0	0	0	2	0	23	1	0	0	0	1	2	0	0	0	0	0	0	0	0	0	0	0	0	0	1	0	0	1
Carnobacterium	4	218	82	7	10	0	1	5	8	80	6789	206	0	224	155	0	222	87	10305	1	12	899	1	0	1719	1	261	916	0	1	7	1967	4
Caulobacter	0	1	0	0	0	3	3	0	171	0	0	0	0	2	37	0	0	0	0	0	1	0	1	0	0	0	0	1	104	0	0	0	0
Cellulomonas	2	2	1	3	2	3	0	8	2	0	10	62	0	63	0	16	0	2	1	4	10	0	9	2	1	7	369	3	0	0	0	0	0
Cellulosilyticum	0	0	5	0	0	0	0	0	0	0	0	7	0	0	0	0	0	0	0	0	0	0	156	75	0	0	0	0	0	0	0	0	0
Cellulosimicrobium	0	4	0	0	19	0	0	9	0	0	4	2	0	3	1	4	0	0	2	0	0	0	0	0	1	1	1	1	0	0	0	0	0
Cereibacter	4	3	0	1	0	0	0	7	14	1	1	2	0	4	1	0	0	0	0	0	463	0	2769	3466	3	32	2	1	0	0	2	0	2
Chlorophyta	3	10	0	0	2	0	2	2	0	0	13	0	0	0	1	6	1	1	9	0	0	2	11	0	19	3	2	4	0	0	18	13	83
Chryseobacterium	4186	261	167	10	3	1568	698	289	3156	278	942	3176	35	1243	673	27	3	1962	3527	2	46	616	1743	1923	9989	9763	6441	10063	8956	3295	559	353	26
Chryseomicrobium	0	2	0	2	0	0	0	27	29	3	2	0	0	0	1	0	0	0	0	0	0	0	0	0	3	0	0	0	0	0	0	0	0
Citricoccus	4	20	0	4	10	3	5	4	33	6	65	0	16	0	5	0	0	0	1	0	5	4	0	1	11	0	0	3	1	0	0	0	0
Citrobacter	0	4	4	0	0	0	0	0	0	0	8	0	0	1	1	43	78	0	0	0	0	0	0	0	0	0	4	0	0	0	353	238	1
Clostridium_IV	0	0	3	2	0	3	0	0	0	5	3	8	0	1	1	2	0	0	0	1	1	0	1	3	0	0	0	0	0	2	0	0	1
Clostridium_sensu_stricto	2	17	5593	1	0	350	17	56	170	3	19	3999	11	2183	2	11803	0	0	4	2807	3	8	397	4	21	13	11	3	2	0	32	4	146
Clostridium_XI	0	0	0	0	0	0	0	0	0	0	0	14	0	52	0	0	0	0	0	0	0	0	0	0	0	0	0	0	0	0	0	0	0
Clostridium_XlVa	8	1	192	5	1	46	1	16	6	8	13	1190	2	50	2	344	1	3	3	0	1	2	11	10	0	3	159	5	4	4	9197	249	3
Clostridium_XlVb	2	0	130	0	0	1	0	12	5	0	1	699	0	0	0	1	0	0	0	0	0	0	0	0	0	3	2	0	0	0	0	0	0
Cohnella	0	2	1	0	0	2	0	1	4195	0	0	1	1	0	0	1	0	0	0	0	0	0	0	0	0	0	0	1	0	0	0	0	0
Comamonas	0	0	1	0	0	394	0	2	0	0	3	3	1	0	0	1	3	0	15	0	0	129	21	819	0	78	52	0	0	0	0	3	1
Corynebacterium	1	76	0	8	22	2	0	24	3	3	91	1	1	0	3	9	8	9	36	1	0	33	2	1	2	2	2	3	4	2	6	4	53
Curtobacterium	7	4	0	44	12	0	0	5	12	3	5	2	5	1	7	1	0	26	1	0	8	2	1	1	7	0	1	26	0	7	0	0	0
Deinococcus	0	1	0	3	9	0	216	480	65	9	1	0	0	0	0	0	0	0	9	0	1	0	10	8	106	188	1	48	0	3	0	0	4
Delftia	53	16	584	0	1	1262	0	6	1065	0	17	76	0	2162	13	378	140	10	0	2	21	10	831	53	24	251	8	200	66	9	19	0	0
Dermacoccus	18	21	15	0	3	0	0	0	0	0	2	1	2	4	0	1	17	12	850	0	0	4	0	0	14	0	3	34	0	5	12	3	11
Desemzia	1	3450	13	1	29	0	0	14	8	4	11615	94	0	215	2	0	0	1	47	104	0	5	1	1	3	1	20	0	1	0	0	2	1
Desulfosporosinus	0	1	6	0	0	0	1	2	4	0	0	169	1	0	0	0	0	0	0	0	0	2	381	0	1	0	24	1	0	0	0	0	0
Desulfovibrio	0	4	0	0	0	0	2	16	8	0	0	0	3	0	0	0	0	0	1	0	0	0	0	0	0	1	0	0	0	0	0	0	0
Devosia	71	38	8	0	7	64	3	15	6224	11	33	2	100	4	60	83	0	0	3	0	127	0	111	428	2	1042	0	3	0	21	4	3	16
Dietzia	4	14	3	1	1	0	0	16	1	15	50	0	0	5	32	6	0	0	0	0	0	1	2	0	6	2	6	2	1	0	3	1	5
Domibacillus	0	12	0	0	2	0	7	4	14	5	31	0	0	0	1	0	0	0	0	0	0	0	0	0	6	1	0	2	0	0	0	0	0
Duganella	0	0	0	2	0	0	0	0	0	0	0	0	74	0	0	0	0	0	0	0	0	0	0	0	0	0	0	0	0	0	0	0	0
Dyadobacter	0	1	0	1	0	0	2	9	425	0	0	0	208	0	3	1	0	0	0	0	29	0	1024	37	0	65	1	2	0	9	0	3	0
Empedobacter	44	0	1	0	0	0	0	0	0	0	0	0	0	0	0	0	0	0	0	0	0	0	0	0	0	0	0	0	0	0	0	0	0
Enhydrobacter	2	1550	1246	5	103	97	0	52	111	1	12	169	4	268	0	4	12	1	101	4	0	2	1	0	3	1	0	22	1	0	2	1	4
Enterococcus	0	63	209	4	15	56	9	29	22	1	31	389	2	1044	1	3091	2	5	10	6	0	38	15	18	2	8	0	1	4	0	591	14	29080
Epilithonimonas	1	1	0	0	0	0	0	0	0	4	0	0	1	0	1	0	0	2	0	0	0	0	1	25	0	0	0	0	0	263	0	0	0
Erwinia	1	66	7	2	0	0	0	0	1	3	110	7	0	5	0	8	1	8	49	0	22	30	0	0	15	0	13	0	0	0	10	176	3
Escherichia/Shigella	2	8	44	0	0	7	1	37	35	6	41	493	1	41	2	64	7	0	5	0	6	4	5	9	0	3	3	4	0	0	21	12	2
Exiguobacterium	423	1450	43	473	3568	18	705	950	262	10853	629	103	57	36	7186	17	3	943	3642	5	31	24971	1800	94	21248	120	3618	13599	6	712	8	2319	0
Faecalibacterium	24	1	23	30	7	13	0	0	1	34	45	41	0	35	17	16	9	7	1	11	9	0	30	34	0	0	5	0	17	20	9	20	10
Fictibacillus	0	0	0	0	2	0	0	20	4	0	0	0	0	0	0	0	0	0	0	0	0	0	0	0	0	0	1	0	0	0	0	0	0
Flavobacterium	2045	34	79	3	5	793	58	26	3471	153	34	56	8706	212	8387	561	8	62	65	9990	5381	22	1665	400	71	2574	168	312	2841	1186	564	28	16
Galbibacter	0	9	0	0	10	0	0	0	0	0	32	0	0	0	0	3	0	0	0	0	0	0	0	0	0	0	0	0	0	0	0	0	0
Geodermatophilus	0	0	1	0	0	0	32	153	11	0	0	0	0	0	0	0	0	0	0	0	0	0	2	0	0	0	0	0	0	0	0	0	0
Georgenia	0	44	1	0	6	1	0	34	3	0	90	5	0	2	0	0	0	0	0	0	0	1	1	1	1	1	18	0	0	0	0	0	0
Glycomyces	0	4	1	0	148	3	0	68	8	0	4	0	0	0	0	9	0	0	0	0	0	0	0	0	1	0	3	0	0	0	0	1	0
Gp16	0	0	0	0	1	0	0	6	0	0	2	1	0	0	0	2	0	0	0	0	0	0	1	0	0	1	1	1	0	0	0	0	5
Halomonas	0	0	0	1	0	0	4	0	0	0	1	0	0	0	11	0	10	0	0	0	0	0	1196	3	0	0	0	0	0	2	2	0	0
Helicobacter	4	1	1	0	0	2	0	3	0	1	3	8	0	4	4	5	2	1	0	1	0	0	5	5	0	0	0	0	3	0	2	0	3
Herbaspirillum	0	5	19	0	0	0	0	0	12	0	0	1	1	118	2	27	0	0	0	0	0	0	0	0	0	0	0	0	0	1	0	0	0
Herbiconiux	0	3	0	10	2	5	1	1	218	1	4	2	2	0	1	3	0	0	1	0	225	0	90	38	1	265	2	1	0	2	1	1	0
Herminiimonas	0	1	0	0	0	0	0	1	0	0	1	0	26	0	0	2	0	0	0	0	54	0	0	1	0	0	0	0	0	1	0	0	0
Janthinobacterium	45	8	5	35	11	0	3	77	486	40	4	10	519	3	23	1	3	5656	6460	0	99	1299	1	0	1946	2	530	1	2849	681	1221	537	295
Jeotgalibacillus	1	1	0	1	0	0	0	14	0	0	6	0	0	0	0	0	0	0	0	0	0	0	0	0	0	0	0	2	0	0	0	0	0
Jeotgalicoccus	1	50	0	18	16	1	0	21	2	0	32	0	1	0	0	0	0	1	0	0	1	19	2	1	1	0	0	1	0	0	0	1	0
Jonesia	0	16	4	0	0	0	0	0	0	0	17	99	0	5	0	0	0	2	0	0	41	2	0	15	5	0	12	1	0	1	1	1	0
Kaistia	0	0	0	0	1	0	0	0	81	0	1	1	0	0	0	0	0	0	1	0	1	0	279	97	0	288	0	0	0	40	0	0	0
Klebsiella	0	3	14	0	0	0	0	0	0	0	1	0	0	5	0	24	0	0	0	0	0	0	0	0	0	0	0	0	0	0	0	0	0
Knoellia	2	6	0	61	4	0	1	8	3	1	2	0	2	0	0	0	0	0	1	0	0	0	9	0	11	9	3	3	0	0	0	0	0
Kocuria	2	49	1	4	24	1	11	104	0	9	23	1	0	1	2	6	4	7	35	2	2	5	3	2	130	3	23	12	0	1	3	12	38
Lactobacillus	7	42	9	7	6	1	25	83	51	4	12	9	7	5	9	471	5	2	17	8	5	30	21	15	9	19	3	12	9	3	6	6	7
Lactococcus	0	1	3	8	13	4	1	13	1	0	6	99	0	0	0	729	0	0	2	0	1	3	0	0	0	0	1	0	0	0	0	962	14
Larkinella	0	0	0	0	0	0	0	0	0	0	0	0	0	0	0	0	0	0	0	0	0	0	27	0	0	0	0	0	0	0	0	0	0
Legionella	0	3	0	0	0	0	0	7	0	0	12	0	0	0	0	0	0	0	0	0	0	0	0	0	0	0	0	0	0	0	0	0	0
Leucobacter	1	26	7	0	9	11	1	0	16	2	27	4	11	49	3	17	1	3	5	25	337	8	1	1	1	55	7	21	0	13	0	5	18
Luteimonas	18	15	0	0	0	0	0	57	4	13	71	0	12	5	64	18	0	0	0	0	4	0	11	3	0	2	0	0	0	0	1	0	0
Luteococcus	0	0	0	0	0	0	0	0	0	0	0	0	0	0	0	0	0	16	0	58	0	0	0	0	17	0	136	36	0	0	0	0	1
Luteolibacter	2	1	0	0	0	0	0	0	154	0	0	0	0	0	5	4	0	0	0	0	0	0	0	1	0	0	1	0	0	0	0	0	0
Lysinibacillus	0	0	6	0	3	5	0	0	7	0	2	1	0	33	0	0	0	0	0	0	0	0	0	0	0	0	0	0	0	0	0	0	0
Lysobacter	0	5	0	0	0	0	0	19	3	0	19	0	0	0	0	1	0	0	0	0	0	0	0	0	0	0	1	0	0	0	0	0	0
Massilia	6	3	71	43	5	314	66	41	1303	1521	2	76	1340	100	79	16	1	1	7	1	0	24	120	4	386	108	2	4	88	555	135	1	2
Mesorhizobium	3	14	1	20	5	0	18	269	146	0	2	1	2	0	8	3	0	0	2	5	1	0	16	5	1	21	0	0	0	0	2	1	1
Methylobacterium	4	39	14	33	31	6	134	1012	344	7	190	6	56	9	4	14	0	5	7	6	59	7	2	4	10	2	23	19	13	7	1	8	21
Microbacterium	863	590	133	15350	3522	170	6215	29356	734	403	223	22	289	182	653	147	16	31	24	4430	302	54	533	429	235	900	214	639	109	177	21	102	101
Micrococcus	3	63	3	0	1	0	0	6	1	0	0	0	2	1	0	0	0	2	2	1	1	0	0	0	2	0	2	11	0	0	0	0	4
Moheibacter	5	6	0	0	0	0	0	0	380	0	1	1	0	0	0	2	0	0	0	0	0	0	0	0	0	0	0	0	0	0	0	0	0
Mucilaginibacter	0	0	35	0	0	16	0	0	116	0	0	3	0	0	0	2	0	0	0	0	0	0	0	0	0	0	0	0	0	0	1	0	0
Mycobacterium	5	16	1	0	3	2	1	76	7	0	5	4	1	1	3	24	0	0	0	0	0	0	11	2	1	5	5	1	0	0	3	1	7
Myxococcus	4	6	3	0	0	0	1	0	0	0	0	0	1	1	0	11	0	0	0	0	0	0	0	0	0	0	0	1	0	0	0	0	2
Nesterenkonia	0	4	0	3	9	0	1	3	0	3	14	0	2	0	3	0	0	0	0	0	1	3	10	0	10	0	2	0	0	0	0	0	0
Nocardia	3911	774	244	15081	750	339	393	713	2131	25	21	148	35	672	595	153	10	17	44	12	39	17	119	1353	70	171	53	168	136	75	31	42	43
Nocardioides	0	1	0	0	0	0	0	11	29	0	0	0	0	0	250	21	0	0	0	1	0	0	0	0	1	0	3	8	0	0	0	0	0
Nocardiopsis	8	1278	66	6	386	33	0	2536	359	1	1336	74	18	135	6	4181	0	1	14	1	0	4	1	3	17	1	25	10	0	1	5	3	145
Novosphingobium	2	3	0	14	0	9	10	7	212	1	12	0	14	1	0	0	0	0	1	0	2	3	649	1	1	1166	1	1	1	41	0	1	1
Nubsella	0	0	0	0	0	0	0	0	0	0	0	0	0	0	0	1	0	0	0	0	0	0	4	0	0	25	0	0	5	0	0	0	0
Ochrobactrum	459	40	12	4	9	103	68	388	621	4	33	19	19	4	20	18	2	0	0	13	16	2	22	7	5	54	1	5	3	18	5	8	16
Paenibacillus	79	29	648	3	374	327	42	215	1150	717	45	399	12	327	254	16	647	838	412	23	5	106	183	13	103	1998	2621	175	0	4	440	5035	9
Pantoea	22	481	84	5	40	73	34	28	99	225	232	84	10	120	40	103	189	46	120	0	67	9	1	1	5	367	34	7	0	0	977	776	308
Paracoccus	4	18	2	5	14	1	12	29	31	8	44	9	0	5	45	9	0	0	0	0	7	0	48	3	8	3	2	3	0	0	0	0	9
Parapedobacter	0	0	0	1	0	0	0	0	2	0	3	0	0	0	0	43	0	0	0	0	0	0	0	0	0	0	1	0	0	0	0	0	0
Parasutterella	0	6	0	0	0	0	2	6	5	0	0	0	2	0	0	0	0	0	0	0	0	7	0	0	2	1	0	2	0	0	0	0	0
Pectobacterium	0	0	0	0	2	0	0	1	0	0	0	420	0	0	0	0	0	0	0	0	0	0	0	0	0	0	21	0	0	0	0	0	0
Pedobacter	66	53	496	4	1	85	6	7	5599	207	16	2352	5256	640	1109	66	0	50	5	0	3290	1	2747	997	27	3164	250	33	0	685	9	10	5
Pelagibacterium	1	5	0	3	57	3	1	4	2	9	12	1	4	0	5	13	0	0	0	0	2	0	9	0	0	3	1	0	0	0	1	2	2
Pelosinus	0	0	37	0	0	1	0	0	0	1	0	14	1	16	0	0	1570	744	0	1	0	0	8	1	0	0	274	0	0	1	117	1	0
Peredibacter	0	0	0	0	0	0	0	0	238	0	0	0	13	1	0	2	0	0	0	0	0	0	0	0	0	0	0	0	0	0	0	0	0
Phenylobacterium	14	47	0	0	0	3	0	1	230	0	0	0	9	0	6	18	0	0	1	0	0	0	64	1	0	6	0	0	0	3	0	1	2
Pigmentiphaga	0	0	0	0	0	1	0	0	1	0	0	0	5	0	0	0	0	0	0	0	0	0	3	0	0	9	0	0	5	0	0	0	0
Planococcaceae_incertae_sedis	0	1	0	0	220	2	0	5	12	92	14	0	0	2	5	1	0	0	0	0	0	0	1	0	2	0	1	29	0	0	0	0	0
Planococcus	47	9	0	43	14	0	58	103	12	349	86	0	193	0	54	0	0	0	1	1	7	3	176	3	494	1	7	3	0	0	0	0	0
Planomicrobium	18	2	0	2	6	0	286	1743	6	3713	39	0	23	1	14	0	0	0	1	0	1	1	507	10	674	6	5	0	0	1	0	0	0
Plantibacter	1	1	1	26	2	0	17	14	180	30	3	0	62	1	28	0	2	0	0	3	13	6	9	15	5	20	6	4	599	49	7	6	2
Porphyrobacter	1	1	3	0	7	7	0	1	21	0	3	0	27	0	0	0	0	0	0	0	2	0	3	0	1	0	0	0	0	0	0	0	0
Promicromonospora	0	1	0	0	38	0	0	0	0	0	0	0	0	0	0	0	0	0	0	0	0	1	0	0	1	0	0	0	0	0	0	0	0
Propionibacterium	1	30	0	2	1	0	9	47	26	1	5	0	3	0	1	3	0	6	22	4	1	0	7	0	2	11	7	0	1	0	2	1	9
Propionicimonas	0	0	0	0	0	0	0	0	0	0	0	0	0	0	0	0	0	0	0	0	0	0	33	3	0	0	0	0	0	0	0	0	0
Pseudoclavibacter	0	2	0	6	4	0	3	16	5	81	2	0	3	3	29	4	0	6	1	15	182	11	7	6	16	4	33	60	1	9	2	9	13
Pseudoflavonifractor	4	0	1	5	0	0	0	0	0	1	7	3	0	2	2	2	2	1	0	0	3	0	3	1	0	0	1	0	2	1	0	1	0
Pseudomonas	11631	8444	12025	19147	2079	5561	5078	1533	3211	14821	957	9195	31164	6510	12262	2218	14845	18875	15468	8	14358	14994	6219	4804	15833	8171	26876	9572	4678	1663	5801	14152	4776
Pseudorhodoferax	0	0	0	0	0	0	0	0	22	0	0	0	0	0	2	0	0	0	0	0	0	0	3	0	0	5	0	0	0	0	0	0	0
Pseudoxanthomonas	0	4	1	0	0	1	1	1	141	0	14	6	0	11	0	18	0	0	0	0	1	0	0	0	0	0	1	0	0	0	0	0	1
Psychrobacter	0	0	0	0	0	0	132	67	0	42	0	2	0	0	5	0	2	15	168	0	14	17	0	0	14	0	616	45	0	0	6	2	2
Pusillimonas	0	0	4	0	3	23	0	2	98	0	4	5	0	0	0	19	0	1	0	0	0	0	0	2	1	0	0	0	0	0	0	0	1
Raoultella	0	0	5	0	2	0	0	0	0	0	4	8	0	24	1	28	2	32	0	0	1	3	0	1	0	0	0	0	0	0	221	322	18
Reyranella	0	3	0	0	0	0	2	0	1	0	11	0	23	0	6	0	0	0	1	0	0	0	6	0	0	0	0	0	0	0	0	0	1
Rheinheimera	0	0	0	0	0	0	0	0	0	0	0	0	34	0	0	0	0	0	0	0	0	0	242	0	0	757	0	0	0	0	80	1	0
Rhizobium	334	132	37	12	5	160	19	72	2273	29	71	12	17	66	257	135	3	11	4	15576	472	11	21321	963	23	17245	14	217	1	103	11	24	37
Rhodococcus	168	85	15	18	2	8	19	48	67	107	55	6	11	27	302	7	2	21	11	0	131	5	91	348	9	77	130	166	98	35	11	42	24
Rickettsia	0	0	0	0	2	0	0	14	6	0	0	0	0	0	0	0	0	0	0	0	0	0	1	0	2	3	1	0	0	0	0	0	0
Romboutsia	0	2	0	0	0	0	15	106	30	0	1	0	7	2	2	1	0	1	1	0	1	1	18	0	5	18	0	2	0	0	0	0	0
Roseomonas	0	1	0	0	0	17	1	20	51	0	0	0	1	14	2	1	0	0	0	0	0	0	17	6	0	22	0	2	0	1	0	0	0
Rothia	0	41	12	0	1	0	0	2	0	2	22	5	12	0	3	4	3	7	37	0	0	4	3	0	7	0	3	12	0	0	15	28	62
Ruminococcus	1	0	0	1	0	0	1	10	0	0	0	0	0	0	0	0	0	0	0	0	0	0	2	2	0	0	0	0	0	0	0	0	0
Ruminococcus2	3	0	5	1	0	2	0	1	1	1	3	9	0	6	3	2	1	0	0	0	2	0	2	5	0	0	1	0	0	0	2	3	1
Saccharibacillus	0	3	90	0	0	34	6	0	4	6	2	476	0	2276	2	0	0	7	0	0	1	6	0	0	51	0	29	25	0	3	8	70	3
Saccharibacteria_genera_incertae_sedis	0	0	2	0	0	0	0	1	2	0	1	0	0	0	0	2	0	0	0	0	0	0	126	5	1	1	0	51	0	0	0	1	0
Salinicoccus	0	1	0	10	7	0	0	2	0	4	6	0	3	0	0	0	0	0	0	0	0	23	0	0	0	0	0	0	0	0	0	0	0
Sanguibacter	49	34	7	1	10	4	2	0	6	32	56	21	113	259	24	1	124	1451	1075	0	1455	148	136	149	405	401	2779	2781	2	1	84	136	135
Sedimentibacter	0	0	753	0	0	0	0	0	0	0	0	261	0	1	0	0	0	0	0	0	0	1	0	0	1	0	0	0	0	0	0	0	0
Serratia	1784	58	0	2	8	0	2	57	1	24	3	37	1	2	317	3	285	85	215	1	15	336	7	6	8	6	114	1	1	0	453	1775	8468
Shinella	31	10	5	0	0	3	0	1	76	3	0	0	6	0	12	4	0	0	0	1	0	0	4	2	1	177	1	1	0	0	0	0	1
Singulisphaera	0	0	0	0	0	0	0	0	0	0	0	0	78	0	0	0	0	0	0	0	0	0	0	0	0	0	0	0	0	0	0	0	0
Solibacillus	0	0	0	0	13	0	0	0	0	0	2	0	0	8	0	0	0	0	0	0	0	0	0	0	0	0	0	0	0	0	0	0	0
Sphingobacterium	6079	562	951	10	41	1926	188	115	5830	6580	597	751	3114	4679	738	729	7	5077	575	3	421	5556	1789	9993	593	316	1054	90	889	14173	99	1226	1483
Sphingobium	4	3	7	0	1	32	7	75	28	2	5	2	3804	1	18	0	2	2	2	1	8143	2	2412	383	9	3126	6	18	190	37	0	3	1
Sphingomonas	3	9	20	3	4	33	2164	8652	310	3	17	12	130	21	59	15	0	6	3	0	110	8	5	1	2	6	6	9	1	4	2	6	12
Sphingopyxis	8	21	3	1	0	4	0	16	417	1	2	0	138	3	4	27	0	0	0	0	0	0	4	0	0	1	0	0	0	2	0	0	0
Sphingorhabdus	0	9	0	0	0	0	1	4	5	0	0	0	4	0	0	0	0	0	0	0	0	2	0	0	1	1	0	2	0	0	0	0	0
Sphingosinicella	0	1	0	0	0	0	0	1	1	0	0	0	0	0	0	0	0	0	0	0	1	0	13	0	0	12	0	0	0	0	0	0	0
Sporomusa	0	1	11	0	0	2	0	0	0	0	0	76	0	0	0	0	0	0	0	1	0	0	0	0	0	2	0	0	0	0	0	0	0
Sporosarcina	0	5	0	0	1	0	0	1	0	0	14	1	0	0	0	0	0	0	0	0	0	0	0	0	0	0	0	0	0	0	0	0	0
Staphylococcus	27	6530	23	211	21124	197	117	477	45	147	1839	241	34	14	195	73	9	44	125	17	24	426	19	7	131	12	54	334	10	1	6	47	71
Stenotrophomonas	544	395	28	3147	277	40	18	431	99	30	81	16	652	361	105	380	288	131	4	11007	532	59	148	778	171	1066	47	755	171	147	270	115	35
Streptomyces	30	77	0	7	54	2	1	162	9	1	50	0	1	1	4	6	0	3	4	12	1	8	9	4	102	16	10	0	1	1	0	0	7
Streptophyta	0	2	1	8	24	1	15	90	19	2	36	1	9	1	4	3	0	0	0	1	1	0	7	0	1	3	1	0	0	0	2	1	11
Taibaiella	0	0	0	0	0	0	0	0	0	0	0	0	0	0	0	3	0	0	0	0	0	0	46	0	0	0	0	0	0	0	0	0	0
Terribacillus	0	42	0	0	98	1	0	0	3	0	36	2	0	9	0	5	0	0	0	0	0	0	0	0	0	0	0	0	0	0	0	0	0
Thermomonas	0	0	0	0	1	0	0	0	34	0	4	0	0	0	0	3	0	0	0	0	0	0	1	0	0	0	0	0	0	0	0	0	0
Trichococcus	0	10	0	0	0	0	0	2	2	0	2849	129	0	0	1	0	0	2	46	0	1	39	0	0	0	0	2	0	0	0	8	438	117
Turicibacter	0	0	0	1	0	1	4	32	24	0	0	0	0	0	0	0	0	0	0	0	0	0	10	0	1	5	0	0	0	0	0	0	0
Unassigned	1137	9071	7926	1020	2232	6053	1088	1190	5561	4800	18839	11177	503	11613	830	20853	4344	1755	4549	962	633	1027	1832	2445	1173	1329	855	694	1435	954	17999	7655	5241
Variovorax	0	3	1	0	0	1	0	0	35	2	4	0	49	0	51	3	0	0	0	0	9	0	5	0	1	3	1	0	25	7	0	0	0
Vasilyevaea	0	0	0	0	0	0	0	0	5	0	1	1	0	0	0	2	0	0	0	0	15	0	70	2	0	63	0	0	0	0	0	0	0
Vitellibacter	0	0	0	0	0	0	0	0	0	0	0	0	0	0	0	0	0	0	0	0	0	0	24	0	0	0	0	0	0	0	0	0	0
Xenophilus	3	4	0	0	0	0	0	0	112	0	1	0	0	0	0	1	0	0	0	0	0	0	11	0	0	0	0	0	0	0	0	0	0
Yersinia	3	0	0	5	1	0	2	30	0	63	0	1	0	0	2	0	5	8	2	0	0	2	1	1	0	0	0	2	0	1	151	7416	78
Zhihengliuella	5	6	0	2	2	0	9	2	0	31	17	0	0	0	5	0	0	1	0	0	0	1	3	0	0	0	6	4	1	4	0	0	0
